8 0.48699218750000006 0.5447916666666667 0.02179687500000005 0.061555555555555586
8 0.5869140625 0.5399305555555556 0.017515625000000146 0.04931944444444447
5 0.507328125 0.5438333333333334 0.01823437499999997 0.05056944444444432
5 0.546875 0.5425416666666667 0.017382812499999956 0.049499999999999905
5 0.5673828125 0.5416666666666666 0.016664062499999854 0.04931944444444447
0 0.5278359375 0.5416666666666666 0.017515625000000146 0.04877777777777778
3 0.60546875 0.5395 0.017046874999999906 0.049499999999999905
7 0.6254921875 0.5381944444444444 0.016281250000000025 0.04877777777777778
3 0.798828125 0.19368055555555555 0.01395312500000001 0.040222222222222236
4 0.8159218750000001 0.19879166666666667 0.015484375000000217 0.04030555555555552
1 0.8325859375000001 0.2030277777777778 0.013414062500000101 0.04559722222222221
0 0.8486328125 0.20583333333333334 0.015304687500000025 0.03865277777777777
2 0.8647500000000001 0.20898611111111112 0.015367187500000101 0.03887499999999999