3 0.511234375 0.5915833333333333 0.016921874999999975 0.04961111111111115
8 0.4931640625 0.5924444444444446 0.017437499999999995 0.049125000000000085
5 0.4143046875 0.5989583333333334 0.016843749999999935 0.04866666666666654
5 0.4731484375 0.5946250000000001 0.016585937500000036 0.04877777777777778
0 0.43432812500000006 0.5967916666666667 0.01837500000000003 0.04904166666666675
3 0.7114296875 0.24175000000000002 0.014062500000000089 0.04006944444444449
8 0.39428906250000006 0.5989583333333334 0.017578125 0.05056944444444432
5 0.4541015625 0.5959166666666668 0.017515625000000035 0.04877777777777778
1 0.7446328125 0.24848611111111113 0.010093750000000012 0.036569444444444384
2 0.776859375 0.25369444444444444 0.015718750000000004 0.03925000000000001
0 0.76171875 0.2515138888888889 0.016843750000000046 0.03947222222222221
7 0.53125 0.5898472222222222 0.015718750000000004 0.04793055555555546
4 0.7290078125 0.24479166666666666 0.015187500000000131 0.038486111111111124