8 0.46460156250000006 0.5564305555555555 0.018343749999999992 0.052
5 0.4848671875 0.5564305555555555 0.016843749999999935 0.0506388888888889
0 0.505375 0.555125 0.01879687499999999 0.049125000000000085
5 0.52490625 0.555125 0.01698437500000005 0.04904166666666675
5 0.5444375 0.5555555555555556 0.017101562500000167 0.049499999999999905
8 0.564453125 0.5529583333333333 0.017304687500000027 0.049499999999999905
2 0.8427734375 0.22156944444444443 0.015718750000000004 0.03924999999999998
3 0.5825234375 0.5529583333333333 0.016843750000000046 0.04988888888888887
1 0.8117265625000001 0.21420833333333333 0.01379687499999993 0.04643055555555556
0 0.828125 0.21843055555555557 0.01652343750000007 0.039638888888888925
3 0.7778359375 0.2064861111111111 0.014117187499999906 0.040472222222222194
7 0.603515625 0.5512222222222223 0.014789062500000005 0.04747222222222211
4 0.794921875 0.21050000000000002 0.014734374999999966 0.03895833333333338