8 0.36938281250000005 0.6393194444444446 0.01791406249999994 0.05015277777777784
5 0.328859375 0.646263888888889 0.017515624999999924 0.049805555555555533
5 0.3486328125 0.6432361111111111 0.016664062500000076 0.05015277777777784
3 0.3876953125 0.6371527777777778 0.017304687500000027 0.05122222222222225
5 0.288328125 0.6510416666666666 0.017179687499999985 0.05056944444444432
0 0.30883593750000005 0.6480000000000001 0.018617187500000076 0.04988888888888887
8 0.2673359375 0.6523472222222222 0.018054687500000055 0.051513888888888935
7 0.4086953125 0.6349861111111111 0.01724218749999995 0.051027777777777866
3 0.6064453125 0.2591111111111111 0.014062500000000089 0.040222222222222236
1 0.6411171875 0.26302777777777775 0.010007812500000046 0.03805555555555548
2 0.67578125 0.2660555555555556 0.01698437500000005 0.04006944444444452
0 0.66015625 0.26411111111111113 0.017101562500000167 0.04047222222222224
4 0.625 0.26106944444444447 0.015429687499999956 0.03895833333333333