5 0.4208984375 0.6137222222222223 0.017304687500000027 0.048583333333333395
5 0.3806171875 0.617625 0.017851562499999973 0.049805555555555533
3 0.4787578125 0.6080694444444446 0.017640624999999965 0.049125000000000085
5 0.440671875 0.6119861111111111 0.017179687499999985 0.048930555555555505
8 0.460203125 0.6102500000000001 0.017640624999999965 0.04943055555555552
2 0.749515625 0.2636666666666667 0.01621874999999995 0.03870833333333332
3 0.683109375 0.2526111111111111 0.013898437499999972 0.03947222222222221
8 0.36084375 0.6180555555555556 0.01829687499999999 0.05131944444444455
0 0.4013671875 0.6145833333333334 0.01893750000000005 0.04793055555555546
1 0.716796875 0.2589027777777778 0.009523437499999954 0.03683333333333335
7 0.49878125000000006 0.6063333333333334 0.015835937499999952 0.04866666666666654
0 0.734375 0.2615 0.01652343750000007 0.03925000000000001
4 0.7006875 0.2556388888888889 0.015429687499999956 0.03887499999999999