8 0.423828125 0.6163194444444444 0.0182968750000001 0.05056944444444432
3 0.4418984375 0.6154583333333333 0.018023437499999906 0.050944444444444334
5 0.38403125000000005 0.6215277777777778 0.018054687500000055 0.04961111111111115
5 0.4035625 0.6197916666666666 0.016921874999999975 0.04931944444444447
5 0.343265625 0.6254305555555556 0.017851562499999973 0.05015277777777784
3 0.65234375 0.25195833333333334 0.014390625000000101 0.040222222222222236
8 0.323 0.6263055555555556 0.018695312500000005 0.0514305555555556
2 0.7197265625 0.26172222222222224 0.01698437500000005 0.04006944444444452
7 0.462890625 0.6128472222222222 0.01678124999999997 0.05015277777777784
1 0.687015625 0.25781944444444443 0.009671874999999996 0.036569444444444384
0 0.364015625 0.6232638888888888 0.018718750000000006 0.04961111111111115
0 0.70459375 0.26019444444444445 0.017179687500000096 0.039680555555555545
4 0.669921875 0.25477777777777777 0.015539062500000034 0.039013888888888855