8 0.5106796875 0.5267777777777778 0.027960937500000005 0.05429166666666675
5 0.5327109375 0.5263194444444445 0.019960937500000053 0.06302777777777774
0 0.552734375 0.5270972222222222 0.021085937500000096 0.05791666666666669
5 0.571703125 0.5290972222222222 0.02307812500000006 0.05747222222222229
5 0.5916015625000001 0.5280972222222222 0.021960937499999833 0.057694444444444395
8 0.6116250000000001 0.5295416666666667 0.018085937499999982 0.058361111111111086
7 0.6527890625000001 0.5262222222222221 0.030562499999999826 0.07388888888888899
3 0.62984375 0.5263055555555556 0.019031249999999833 0.06973611111111112
3 0.82125 0.17833333333333334 0.01878906250000023 0.05043055555555556
4 0.8394218750000001 0.18755555555555556 0.018539062499999925 0.052833333333333364
1 0.8545546875 0.1879861111111111 0.01464062499999974 0.05195833333333333
0 0.8704062499999999 0.19329166666666667 0.017078125000000055 0.04133333333333332
2 0.8882187500000001 0.19601388888888888 0.020492187499999925 0.0532638888888889