5 0.3552265625 0.6345555555555555 0.017851562499999973 0.050263888888888886
5 0.314453125 0.6393194444444446 0.018617187500000076 0.05122222222222225
0 0.335453125 0.6362916666666667 0.018765625000000008 0.048930555555555505
8 0.2946796875 0.6401944444444445 0.018796874999999935 0.05251388888888897
5 0.37524218750000005 0.6323750000000001 0.018125000000000058 0.049694444444444485
2 0.6958046875 0.26693055555555556 0.016664062499999854 0.03895833333333333
1 0.662109375 0.2632361111111111 0.00927343749999987 0.037347222222222226
3 0.4145546875 0.6276111111111111 0.017304687500000027 0.04877777777777778
3 0.6279296875 0.25845833333333335 0.013632812500000036 0.03984722222222222
8 0.39575000000000005 0.6289027777777778 0.01839843750000003 0.049805555555555533
0 0.6806640625 0.26519444444444445 0.017101562500000167 0.039680555555555545
7 0.4348125 0.6254305555555556 0.01578125000000008 0.048583333333333395
4 0.6455078125 0.26106944444444447 0.01652343750000007 0.04006944444444452