7 0.261234375 0.7204861111111112 0.016921874999999975 0.05319444444444442
5 0.20544531250000003 0.7348055555555555 0.0161015625 0.05240277777777772
5 0.1863984375 0.7400138888888889 0.016023437500000015 0.05191666666666686
8 0.1292734375 0.7530416666666668 0.01666406249999998 0.05270833333333336
8 0.2242421875 0.7291666666666666 0.01589843750000003 0.051513888888888935
3 0.24145312500000002 0.726125 0.015429687500000011 0.05180555555555541
5 0.14856250000000001 0.7495694444444445 0.016460937499999995 0.05170833333333332
0 0.5317421875 0.28255555555555556 0.017304687500000027 0.04374999999999998
3 0.473875 0.2881944444444444 0.015078124999999942 0.04425
2 0.5498046875 0.28125 0.01837500000000003 0.04502777777777784
0 0.1677265625 0.7443611111111113 0.01652343749999996 0.049694444444444485
1 0.5122109375 0.28494444444444444 0.009296874999999982 0.041805555555555624
4 0.4924296875 0.2873333333333334 0.018539062500000036 0.04408333333333333