5 0.30395312500000005 0.6588611111111111 0.017437499999999995 0.050069444444444305
0 0.2836953125 0.6605972222222223 0.019242187499999952 0.048930555555555505
8 0.24255468750000003 0.6666666666666666 0.018718750000000006 0.05170833333333332
5 0.2634296875 0.6645 0.017304687500000027 0.050458333333333466
3 0.3620625 0.6493055555555556 0.016921874999999975 0.049805555555555533
8 0.3442421875 0.6519166666666667 0.017640625000000076 0.049805555555555533
3 0.583984375 0.2636666666666667 0.014281250000000023 0.040388888888888905
5 0.32348437500000005 0.6553888888888889 0.016460937499999995 0.04877777777777778
2 0.654296875 0.2690972222222222 0.016726562500000153 0.03955555555555554
1 0.6196328125 0.26758333333333334 0.009929687500000117 0.03797222222222215
0 0.6381875 0.2680138888888889 0.017179687500000096 0.03993055555555555
4 0.60303125 0.265625 0.01513281249999987 0.03916666666666667
7 0.38426562500000006 0.6464722222222222 0.026695312500000012 0.06126388888888891