7 0.31860156250000005 0.6857638888888888 0.017382812499999956 0.05162499999999998
8 0.2795390625 0.6940138888888888 0.017046875000000017 0.0506388888888889
0 0.21985156250000004 0.7061666666666668 0.018648437500000004 0.050375000000000135
3 0.29834375 0.6914027777777778 0.017046875000000017 0.05122222222222225
5 0.1989765625 0.7118055555555556 0.01730468749999997 0.05270833333333336
8 0.1795625 0.7139722222222222 0.017437499999999995 0.05251388888888878
5 0.2398671875 0.703125 0.0171015625 0.050833333333333286
5 0.2595234375 0.6992222222222223 0.016664062500000076 0.0500694444444445
3 0.52734375 0.27973611111111113 0.015429687499999956 0.04234722222222222
1 0.564453125 0.27973611111111113 0.009414062499999876 0.03870833333333332
0 0.583984375 0.2795138888888889 0.018054687499999833 0.04195833333333335
2 0.6005859375 0.27973611111111113 0.017515625000000146 0.04226388888888888
4 0.544921875 0.2803888888888889 0.0163437500000001 0.04138888888888895