7 0.22571093750000004 0.726125 0.014734375000000022 0.049805555555555533
8 0.192140625 0.734375 0.01530468749999997 0.049694444444444485
8 0.1066875 0.757375 0.015367187500000018 0.050069444444444305
1 0.4677734375 0.29405555555555557 0.009632812499999921 0.042430555555555555
5 0.123171875 0.7534722222222222 0.014953124999999984 0.04997222222222221
3 0.2080078125 0.7309027777777778 0.015601562499999999 0.05074999999999995
5 0.1748046875 0.7404583333333333 0.014953125000000012 0.04886111111111112
3 0.43115625 0.2990416666666667 0.015078124999999942 0.044763888888888874
5 0.158078125 0.7443611111111113 0.015078124999999998 0.04886111111111112
2 0.5043984375 0.2881944444444444 0.01809375000000002 0.04536111111111109
0 0.4873046875 0.2903611111111111 0.018023437499999906 0.04491666666666669
0 0.14086718750000002 0.7486944444444444 0.015249999999999986 0.047847222222222326
4 0.4497109375 0.2955694444444445 0.016726562500000042 0.044597222222222205