7 0.2165546875 0.7270000000000001 0.015718750000000004 0.04912499999999989
3 0.1989765625 0.7317777777777779 0.014898437500000028 0.050069444444444305
8 0.1833515625 0.7356805555555557 0.014554687499999996 0.04847222222222235
1 0.45678906250000006 0.2955694444444445 0.009164062500000014 0.042430555555555555
0 0.1331796875 0.7495694444444445 0.015601562499999999 0.04747222222222231
3 0.4201640625 0.301 0.014554687500000107 0.04484722222222221
5 0.1669921875 0.74175 0.013742187500000003 0.048583333333333395
8 0.09978906250000003 0.7578194444444445 0.0148984375 0.04980555555555534
5 0.150390625 0.7456666666666667 0.014281249999999968 0.04820833333333338
2 0.4931640625 0.28970833333333335 0.01799218749999998 0.04527777777777785
0 0.476078125 0.29209722222222223 0.017640624999999965 0.04536111111111109
4 0.43871875 0.29775 0.017101562500000056 0.04511111111111118
5 0.11596875000000001 0.7543472222222223 0.014671874999999973 0.048930555555555505