3 0.2165546875 0.7300416666666667 0.014953125000000012 0.05074999999999995
8 0.1118203125 0.756513888888889 0.015601562500000027 0.050833333333333286
1 0.48120312500000006 0.2884166666666667 0.009710937500000072 0.04226388888888888
5 0.164796875 0.7439305555555555 0.01518750000000002 0.050263888888888886
3 0.4438515625 0.29275000000000007 0.014898437499999972 0.04416666666666666
8 0.19934375000000001 0.7330694444444444 0.015078124999999998 0.050374999999999934
5 0.1292734375 0.7530416666666668 0.015539062499999978 0.05074999999999995
5 0.18188281250000002 0.7391527777777779 0.014500000000000013 0.04997222222222221
0 0.14709375 0.7478333333333335 0.016218750000000004 0.04912499999999989
2 0.5185546875 0.2829861111111111 0.017851562499999973 0.045430555555555564
0 0.5009765625 0.285375 0.018343750000000048 0.045625000000000054
4 0.46167187500000006 0.29058333333333336 0.017578125 0.04484722222222221
7 0.23424999999999999 0.7248333333333333 0.01634374999999999 0.05074999999999995