7 0.2144765625 0.7304722222222223 0.014835937500000007 0.049805555555555533
5 0.1480703125 0.75 0.01439062499999999 0.048583333333333395
0 0.132203125 0.7530416666666668 0.01530468749999997 0.04719444444444439
3 0.197265625 0.7361111111111112 0.015015625000000032 0.049694444444444485
1 0.4536171875 0.29818055555555556 0.009054687499999936 0.04258333333333337
8 0.09948437500000001 0.7612916666666667 0.014789062500000005 0.04997222222222221
5 0.11517187499999999 0.7582500000000001 0.014671875000000029 0.04997222222222221
8 0.181640625 0.7400138888888889 0.014671875000000001 0.047847222222222326
3 0.417234375 0.3046944444444445 0.014835937500000007 0.04408333333333333
2 0.48999218750000006 0.29231944444444447 0.018125000000000058 0.04598611111111111
0 0.4728984375 0.29470833333333335 0.018507812499999998 0.04598611111111111
4 0.43530468750000006 0.3003472222222222 0.017382812499999956 0.044763888888888874
5 0.1657734375 0.7447916666666666 0.01439062499999999 0.04747222222222231