7 0.21471874999999999 0.7317777777777779 0.014453125000000011 0.04912499999999989
0 0.1336640625 0.7539027777777778 0.015429687500000011 0.04684722222222229
5 0.1492890625 0.7508750000000001 0.014734375000000022 0.048319444444444436
3 0.19787500000000002 0.7365416666666667 0.014617187499999962 0.04931944444444447
5 0.11694531250000001 0.7595555555555555 0.014453125000000011 0.04961111111111115
8 0.1826171875 0.7404583333333333 0.014789062500000005 0.04747222222222231
1 0.45092968750000006 0.30186111111111114 0.00927343749999987 0.042430555555555555
8 0.10125781250000002 0.7625833333333333 0.015078124999999998 0.048930555555555505
3 0.41528125 0.3072916666666667 0.014453124999999956 0.043513888888888824
5 0.16662500000000002 0.7456666666666667 0.014062499999999978 0.04747222222222231
0 0.46996875 0.29775 0.017851562499999973 0.044763888888888874
4 0.43237500000000006 0.30425 0.016406249999999956 0.04425
2 0.48706250000000006 0.29536111111111113 0.017718750000000005 0.044680555555555536