7 0.24438281250000005 0.7161527777777779 0.016523437499999988 0.051513888888888935
5 0.17297656250000001 0.7348055555555555 0.015539062499999978 0.0514305555555556
5 0.19103906250000002 0.7309027777777778 0.015671875000000002 0.0506388888888889
0 0.1551484375 0.7391527777777779 0.01634374999999999 0.04931944444444447
8 0.20910937500000004 0.7248333333333333 0.015539062499999978 0.04997222222222221
3 0.45434375 0.28494444444444444 0.015078124999999942 0.04399999999999999
3 0.2255859375 0.7217916666666668 0.015429687500000011 0.051027777777777866
5 0.1370859375 0.7452222222222222 0.015601562499999999 0.050374999999999934
8 0.1193203125 0.7478333333333335 0.01628124999999997 0.05045833333333327
0 0.51171875 0.2786527777777778 0.018234375000000025 0.04519444444444451
2 0.529296875 0.2769166666666667 0.017851562499999973 0.04502777777777784
1 0.491703125 0.28147222222222223 0.009929687500000006 0.04106944444444446
4 0.47265625 0.28450000000000003 0.017382812499999956 0.04484722222222221