5 0.720703125 0.4236111111111111 0.016156250000000094 0.048125
5 0.6626015625 0.4244861111111111 0.016664062499999854 0.04866666666666659
5 0.701171875 0.42426388888888894 0.016406249999999956 0.04820833333333338
8 0.73975 0.42230555555555566 0.017515625000000146 0.049041666666666796
8 0.642578125 0.4238333333333334 0.017437499999999995 0.05045833333333342
3 0.7583046875 0.4220972222222223 0.016921874999999975 0.048930555555555554
7 0.776859375 0.4210138888888889 0.01578125000000008 0.04758333333333336
0 0.6826171875 0.4244861111111111 0.017101562500000167 0.048583333333333395
3 0.9404296875 0.0791527777777778 0.014390625000000101 0.040611111111111105
1 0.9736328125 0.08751388888888888 0.010406250000000172 0.03727777777777777
1 0.9594765625000001 0.08430555555555556 0.015187500000000131 0.04155555555555554