5 0.630859375 0.45181944444444444 0.017437499999999995 0.049805555555555533
8 0.7085 0.44922222222222224 0.016585937499999925 0.04877777777777778
8 0.611328125 0.4505277777777778 0.017382812499999956 0.04997222222222221
5 0.669921875 0.45095833333333335 0.01621874999999995 0.04820833333333338
3 0.7270546875 0.4487916666666667 0.016664062499999854 0.048583333333333395
5 0.689453125 0.4505277777777778 0.01596093750000005 0.048125
7 0.74609375 0.4470555555555556 0.01678124999999997 0.04684722222222229
0 0.6513671875 0.45095833333333335 0.018054687499999833 0.04847222222222215
3 0.9106484375000001 0.10704166666666667 0.014499999999999957 0.040013888888888904
2 0.9755859375 0.1225 0.015960937499999828 0.039166666666666655
1 0.9448281250000001 0.11447222222222224 0.011687500000000073 0.03754166666666666
0 0.9604531250000001 0.11990277777777779 0.016281250000000025 0.03976388888888888