5 0.5947265625 0.4826388888888889 0.0163437500000001 0.04943055555555552
8 0.5747109375 0.4826388888888889 0.017515625000000146 0.050833333333333286
0 0.615234375 0.4817777777777778 0.01791406250000005 0.04886111111111112
5 0.63428125 0.48220833333333335 0.0163437500000001 0.04838888888888901
7 0.7099609375 0.4783055555555556 0.015671875000000002 0.04695833333333334
8 0.6728515625 0.48047222222222224 0.017773437500000044 0.04820833333333338
3 0.876953125 0.13780555555555557 0.015078125000000053 0.04115277777777779
3 0.6923828125 0.4800416666666667 0.016460937499999995 0.04820833333333338
1 0.9096718750000001 0.14756944444444445 0.010367187499999986 0.03727777777777779
2 0.9409218750000001 0.1542916666666667 0.015781249999999858 0.04001388888888889
0 0.9272500000000001 0.15158333333333335 0.0179921875000002 0.04030555555555557
5 0.6533203125 0.48047222222222224 0.015835937499999897 0.047847222222222326
4 0.8950234375000001 0.143125 0.015304687500000025 0.039680555555555545