3 0.845703125 0.1622222222222222 0.014554687499999996 0.040930555555555546
0 0.5810546875 0.5069444444444444 0.018507812499999998 0.049125000000000085
5 0.6196328125 0.5065138888888889 0.016585937499999925 0.048930555555555505
8 0.6391640625 0.5056388888888889 0.017304687500000027 0.049694444444444485
8 0.54053125 0.507375 0.01791406250000005 0.05074999999999995
5 0.5600625 0.5078194444444445 0.016585937499999925 0.049694444444444485
7 0.67578125 0.5030416666666667 0.016664062499999854 0.04747222222222211
0 0.89453125 0.1752361111111111 0.015898437499999973 0.03887499999999999
2 0.9096718750000001 0.1793611111111111 0.015781249999999858 0.03925000000000001
1 0.8779296875 0.17133333333333334 0.010453125000000174 0.03616666666666665
5 0.599609375 0.5069444444444444 0.016406249999999956 0.04866666666666654
3 0.65625 0.5043472222222223 0.016664062499999854 0.04877777777777778
4 0.8623046875 0.16536111111111113 0.015539062499999812 0.03993055555555555