7 0.54053125 0.7465277777777778 0.01560156250000011 0.04308333333333339
3 0.533203125 0.5065138888888889 0.014171875000000167 0.03938888888888887
8 0.5571328125 0.7486944444444444 0.016281250000000025 0.04375000000000008
8 0.57959375 0.49262500000000004 0.014117187499999906 0.037972222222222345
3 0.5478515625 0.5034722222222222 0.014117187499999906 0.03856944444444446
3 0.5913125 0.7526111111111111 0.014499999999999957 0.042263888888888976
4 0.57421875 0.7517361111111112 0.016406249999999956 0.04195833333333335
1 0.66015625 0.7621527777777778 0.00927343749999987 0.04131944444444437
4 0.6430703125 0.7604166666666666 0.016101562499999833 0.04283333333333318
7 0.624515625 0.4756944444444444 0.013171874999999833 0.037055555555555446
2 0.6079140625 0.7547777777777779 0.015187500000000131 0.04218055555555544
4 0.564453125 0.4974027777777778 0.014171875000000167 0.03819444444444445
7 0.5942421875 0.48654166666666665 0.012726562499999927 0.03643055555555562
1 0.6103515625 0.48220833333333335 0.011421874999999915 0.03500000000000014
4 0.6256796875 0.7602916666666667 0.01729687499999999 0.05194444444444457
8 0.641140625 0.4734722222222222 0.01848437500000011 0.0428888888888888