4 0.6142578125 0.7556388888888889 0.016460937499999995 0.04123611111111122
2 0.5961953125 0.7526111111111111 0.014953125000000123 0.04172222222222209
8 0.6298828125 0.47438888888888886 0.015078125000000053 0.03870833333333342
3 0.5791015625 0.7508750000000001 0.01513281249999987 0.042347222222222314
4 0.630375 0.7569444444444444 0.017437499999999995 0.04218055555555544
8 0.5703125 0.4947916666666667 0.013632812500000036 0.03691666666666668
4 0.5634765625 0.7491388888888889 0.016281250000000025 0.041638888888888954
2 0.5390625 0.5052083333333334 0.013843749999999932 0.037055555555555446
8 0.546390625 0.7460972222222223 0.01621874999999995 0.043916666666666555
7 0.530765625 0.7447916666666666 0.015539062500000034 0.04251388888888879
3 0.5244140625 0.5095555555555555 0.013687500000000075 0.03727777777777774
7 0.6137734375 0.47786111111111107 0.012484375000000103 0.036347222222222086
1 0.6469765625 0.7586805555555556 0.009164062500000014 0.04030555555555557
7 0.5844765625 0.4887222222222223 0.012429687500000064 0.03512499999999995
4 0.5556640625 0.4982638888888889 0.013374999999999915 0.03643055555555562
1 0.6001015625 0.48394444444444445 0.010859375000000115 0.033930555555555526