4 0.6040078125 0.7543472222222223 0.0163437500000001 0.04115277777777789
2 0.5869140625 0.7521666666666667 0.015539062500000034 0.04123611111111122
8 0.6215859375 0.47352777777777777 0.015015624999999977 0.03791666666666652
4 0.6201171875 0.7552083333333334 0.017437499999999995 0.041472222222222084
4 0.5537109375 0.7482638888888888 0.017046874999999906 0.04218055555555544
3 0.5688515625 0.7495694444444445 0.015187500000000131 0.041555555555555616
7 0.521 0.7443611111111113 0.015078125000000053 0.04218055555555544
4 0.5473671875 0.4991388888888889 0.012828124999999968 0.03526388888888891
8 0.537109375 0.7456666666666667 0.01596093750000005 0.04315277777777777
8 0.562015625 0.4939305555555556 0.013898437499999972 0.03616666666666665
3 0.5166015625 0.5099861111111111 0.013843749999999932 0.037763888888889006
7 0.6064453125 0.4774305555555556 0.01238281249999984 0.03616666666666665
7 0.576171875 0.48915277777777777 0.012531249999999883 0.03559722222222225
3 0.53125 0.5052083333333334 0.014062500000000089 0.03813888888888902
1 0.6372109375 0.756513888888889 0.009296874999999982 0.04106944444444435
1 0.591796875 0.4835138888888889 0.009898437499999968 0.03431944444444449