8 0.6123046875 0.4704861111111111 0.014226562499999984 0.037972222222222345
4 0.593265625 0.7513055555555557 0.016156250000000094 0.04131944444444437
4 0.54296875 0.7460972222222223 0.015539062500000034 0.04006944444444432
4 0.6098671875 0.7526111111111111 0.016664062499999854 0.04123611111111122
7 0.51171875 0.7413194444444444 0.014617187500000073 0.04001388888888889
4 0.5390625 0.49695833333333334 0.013796875000000153 0.03616666666666665
3 0.5083046875 0.5091111111111111 0.013531249999999995 0.03734722222222212
8 0.552734375 0.49262500000000004 0.013328124999999913 0.03677777777777772
8 0.526859375 0.7434861111111111 0.015898437499999973 0.04212499999999982
3 0.5595703125 0.7474027777777779 0.014390625000000101 0.04131944444444437
7 0.597171875 0.47526388888888893 0.012968749999999973 0.03713888888888898
3 0.522953125 0.5034722222222222 0.013484374999999993 0.037194444444444405
7 0.5673828125 0.4869861111111111 0.01238281249999984 0.035402777777777866
1 0.626953125 0.7539027777777778 0.008742187499999998 0.03993055555555555
2 0.576171875 0.7495694444444445 0.01467187499999989 0.041388888888888746
1 0.583984375 0.4809027777777778 0.009898437499999968 0.03284722222222215