8 0.6064453125 0.469625 0.015015624999999977 0.03836111111111112
2 0.5688515625 0.7495694444444445 0.014617187500000073 0.04069444444444434
8 0.546875 0.4921944444444445 0.013429687499999954 0.03545833333333329
3 0.5517578125 0.7478333333333335 0.01433593749999984 0.041472222222222084
4 0.5849609375 0.7517361111111112 0.01678124999999997 0.04172222222222209
4 0.6015625 0.7526111111111111 0.016843750000000046 0.041472222222222084
3 0.515625 0.5052083333333334 0.013484374999999993 0.03691666666666668
4 0.5356484375 0.7469583333333333 0.016101562499999833 0.040930555555555595
7 0.5043984375 0.7426250000000001 0.015187500000000076 0.04180555555555543
8 0.51953125 0.7434861111111111 0.01621874999999995 0.04266666666666671
4 0.53271875 0.4982638888888889 0.012625000000000108 0.034583333333333265
3 0.501953125 0.5104166666666666 0.013124999999999998 0.037194444444444405
7 0.5913125 0.47438888888888886 0.012625000000000108 0.03599999999999998
7 0.560546875 0.48654166666666665 0.012289062500000059 0.03491666666666661
1 0.61865625 0.7534722222222222 0.009335937499999947 0.04038888888888871
1 0.5766640625 0.4809027777777778 0.01024999999999987 0.03309722222222236