2 0.5634765625 0.7413194444444444 0.014789062500000005 0.04115277777777789
8 0.6025390625 0.4626805555555556 0.014734374999999966 0.037763888888889006
4 0.580078125 0.7434861111111111 0.016664062499999854 0.04180555555555543
3 0.546875 0.7387222222222223 0.013843749999999932 0.04038888888888871
4 0.5302734375 0.7382777777777778 0.015078125000000053 0.04006944444444432
8 0.5434609375 0.4869861111111111 0.013171874999999833 0.03754166666666671
4 0.529296875 0.4921944444444445 0.012921874999999972 0.03486111111111118
4 0.5961953125 0.7447916666666666 0.017640624999999854 0.04212499999999982
7 0.49975781250000006 0.734375 0.014835937500000007 0.04101388888888893
8 0.5141640625 0.7361111111111112 0.01652343750000007 0.04243055555555545
3 0.5126953125 0.49956944444444445 0.012570312499999847 0.03572222222222226
3 0.49878125000000006 0.5043472222222223 0.013023437500000012 0.03740277777777775
7 0.5869140625 0.46744444444444444 0.012570312499999847 0.03683333333333335
1 0.5732421875 0.47352777777777777 0.010609375000000032 0.03486111111111118
7 0.5571328125 0.47959722222222223 0.011828125000000078 0.03500000000000014
1 0.6137734375 0.7465277777777778 0.009968750000000082 0.04006944444444432