3 0.5102578125 0.4974027777777778 0.013125000000000053 0.036625000000000005
2 0.5595703125 0.7387222222222223 0.015015624999999977 0.04106944444444435
8 0.599609375 0.45963888888888893 0.014499999999999957 0.03865277777777779
4 0.576171875 0.740888888888889 0.01698437500000005 0.041388888888888746
3 0.54296875 0.7369861111111111 0.014226562499999984 0.0406111111111112
8 0.54053125 0.48394444444444445 0.013218750000000057 0.03762500000000005
4 0.5927734375 0.7421944444444445 0.017304687500000027 0.04106944444444435
3 0.49535937500000005 0.5034722222222222 0.012773437499999984 0.03656944444444458
7 0.49585156250000006 0.7326388888888888 0.014734374999999966 0.041388888888888746
4 0.5258828125 0.4895833333333333 0.013218750000000057 0.03670833333333334
8 0.5107421875 0.734375 0.01596093750000005 0.042347222222222314
4 0.526859375 0.7356805555555557 0.016921874999999975 0.04069444444444434
7 0.583984375 0.4652777777777778 0.013531249999999995 0.03791666666666652
1 0.609375 0.7426250000000001 0.009414062499999876 0.04069444444444434
7 0.554203125 0.4774305555555556 0.012484375000000103 0.036486111111111046
1 0.5703125 0.47091666666666665 0.010453125000000174 0.03500000000000014