2 0.55225 0.7382777777777778 0.015078125000000053 0.0406111111111112
8 0.59375 0.45702777777777776 0.014617187500000073 0.03930555555555553
3 0.5043984375 0.49695833333333334 0.013374999999999915 0.03836111111111112
4 0.51953125 0.7352500000000001 0.015671875000000002 0.04047222222222244
8 0.534671875 0.4817777777777778 0.013531249999999995 0.037194444444444405
3 0.5361328125 0.7361111111111112 0.014281250000000023 0.04084722222222226
4 0.5844765625 0.7413194444444444 0.01698437500000005 0.040930555555555595
4 0.5688515625 0.7404583333333333 0.017382812499999956 0.04115277777777789
4 0.5205078125 0.48915277777777777 0.012867187499999932 0.03616666666666665
8 0.50390625 0.7335138888888889 0.01621874999999995 0.042347222222222314
3 0.48975 0.5021666666666667 0.012484374999999992 0.03677777777777772
7 0.5786171875 0.46223611111111107 0.013125000000000053 0.03879166666666656
7 0.4895 0.7322083333333335 0.015484374999999995 0.042347222222222314
1 0.56396875 0.46875 0.00927343749999987 0.03500000000000014
7 0.54834375 0.4756944444444444 0.01238281249999984 0.03620833333333332
1 0.601078125 0.7421944444444445 0.009710937499999961 0.03993055555555555