3 0.4990234375 0.49522222222222223 0.012484375000000048 0.03734722222222212
2 0.546390625 0.7387222222222223 0.014734374999999966 0.04131944444444437
4 0.5625 0.740888888888889 0.01698437500000005 0.04204166666666668
8 0.5888671875 0.45443055555555556 0.014617187500000073 0.03879166666666656
4 0.5131875 0.7365416666666667 0.015367187500000101 0.040527777777777864
3 0.5297890625 0.7369861111111111 0.014171875000000167 0.04069444444444434
8 0.5297890625 0.48047222222222224 0.013218750000000057 0.03770833333333338
4 0.5791015625 0.7421944444444445 0.017382812499999956 0.041638888888888954
7 0.48315625000000006 0.7326388888888888 0.014835937500000007 0.041555555555555616
4 0.515140625 0.4869861111111111 0.012921874999999972 0.03616666666666665
8 0.49780468750000006 0.734375 0.015539062500000034 0.04243055555555545
3 0.4846171875 0.5008750000000001 0.012101562500000052 0.036625000000000005
7 0.573734375 0.45963888888888893 0.012921874999999972 0.038486111111111124
7 0.5439453125 0.47352777777777777 0.01187500000000008 0.03599999999999998
1 0.59521875 0.7421944444444445 0.00945312499999984 0.04106944444444435
1 0.55859375 0.4670138888888889 0.00974218750000011 0.034722222222222224