3 0.6450234375 0.3587222222222222 0.01799218749999998 0.04519444444444441
2 0.740234375 0.6866388888888889 0.01724218749999995 0.05122222222222225
3 0.626953125 0.3604583333333333 0.018648437500000004 0.044763888888888874
7 0.728515625 0.34873611111111114 0.01596093750000005 0.04212500000000002
7 0.694828125 0.35265277777777776 0.015015624999999977 0.04163888888888886
3 0.7192421875 0.6818611111111111 0.016921874999999975 0.052111111111111046
4 0.7817421875 0.6979166666666666 0.019164062500000023 0.05074999999999995
4 0.6650390625 0.3563333333333334 0.017382812499999956 0.04326388888888882
4 0.7622109375 0.693138888888889 0.020367187499999995 0.05191666666666666
1 0.714359375 0.35047222222222224 0.015429687499999956 0.04084722222222226
8 0.6801796875 0.6714444444444445 0.01799218749999998 0.05422222222222217
8 0.679203125 0.35459722222222223 0.016460937499999995 0.042513888888888886
4 0.701171875 0.6788194444444444 0.0192734375000001 0.052819444444444405
7 0.6586953125 0.6658055555555555 0.018023437499999906 0.05290277777777774
8 0.7470703125 0.3465694444444445 0.02017187499999995 0.045361111111111185
1 0.8011718750000001 0.7021527777777778 0.022656250000000044 0.07375000000000004