4 0.544921875 0.7330694444444444 0.016664062499999854 0.040222222222222236
8 0.5747109375 0.44140277777777787 0.01433593749999984 0.038361111111111165
3 0.51171875 0.7287361111111113 0.013898437499999972 0.04069444444444434
4 0.495609375 0.7278611111111111 0.015367187500000101 0.040222222222222236
4 0.560546875 0.7335138888888889 0.017515625000000146 0.04131944444444437
8 0.5146484375 0.47005555555555556 0.013023437500000012 0.03748611111111108
3 0.48510937500000006 0.48306944444444444 0.012625000000000108 0.03677777777777772
7 0.46557812500000006 0.7248333333333333 0.015367187500000101 0.04123611111111122
3 0.470703125 0.49001388888888886 0.012570312499999958 0.03727777777777774
8 0.479984375 0.7256944444444444 0.015367187500000101 0.04204166666666668
4 0.5004921875 0.47612499999999996 0.012101562500000052 0.03512499999999995
7 0.5595703125 0.4470555555555556 0.012531249999999883 0.037055555555555446
7 0.529296875 0.46137500000000004 0.011828125000000078 0.03599999999999998
1 0.5771484375 0.734375 0.009968750000000082 0.041388888888888746
1 0.5454140625 0.45529166666666665 0.010132812499999977 0.0337499999999999
3 0.5278359375 0.7309027777777778 0.014835937500000007 0.040222222222222236