2 0.5087890625 0.6983472222222222 0.01560156250000011 0.04266666666666671
3 0.4926796875 0.6966111111111112 0.014226562499999984 0.042833333333333376
3 0.46875 0.44487499999999996 0.012429687500000064 0.03791666666666657
8 0.5610390625 0.4008194444444444 0.01433593749999984 0.03947222222222221
4 0.5258828125 0.7005277777777779 0.017437499999999995 0.043916666666666555
4 0.476078125 0.6953194444444445 0.01596093750000005 0.04251388888888879
8 0.5 0.42924999999999996 0.012335937500000005 0.0374027777777777
4 0.4848671875 0.4359861111111112 0.012289062500000059 0.03656944444444453
8 0.460453125 0.693138888888889 0.016023437500000015 0.042916666666666714
7 0.44604687500000006 0.6918472222222223 0.014734374999999966 0.04115277777777789
3 0.45385937500000006 0.4513888888888889 0.011914062500000044 0.037972222222222296
4 0.5419921875 0.7022638888888889 0.017179687500000096 0.04326388888888902
7 0.544921875 0.407125 0.01205468750000005 0.03813888888888892
7 0.5146484375 0.42079166666666673 0.011734375000000075 0.036777777777777826
1 0.5297890625 0.41515277777777787 0.008671874999999885 0.035180555555555576
1 0.5590859375 0.7035555555555556 0.009968750000000082 0.04212500000000002