4 0.5185546875 0.6888055555555556 0.017437499999999995 0.04359722222222216
2 0.501953125 0.6861944444444446 0.01602343749999996 0.04399999999999989
3 0.46240625 0.4255694444444445 0.012828125000000079 0.04006944444444452
4 0.46850781250000006 0.6831666666666667 0.016460937499999995 0.043680555555555695
8 0.5571328125 0.3784722222222222 0.014953125000000123 0.040930555555555595
3 0.4846171875 0.6840277777777778 0.014898437499999972 0.043513888888889025
8 0.4946328125 0.4079861111111111 0.013484374999999993 0.03984722222222232
7 0.4375 0.6783888888888889 0.015539062500000034 0.04315277777777777
4 0.5361328125 0.6896666666666668 0.018343750000000103 0.04484722222222221
4 0.47925000000000006 0.4155833333333334 0.013632812500000036 0.03836111111111112
8 0.45190625000000006 0.6796944444444445 0.01621874999999995 0.04502777777777764
3 0.4477578125 0.4309861111111112 0.011960937499999935 0.03938888888888892
7 0.541015625 0.38498611111111114 0.013484374999999993 0.04084722222222216
7 0.50928125 0.4003888888888889 0.012429687500000064 0.038958333333333234
1 0.525390625 0.3932361111111111 0.008375000000000021 0.036625000000000005
1 0.5532265625 0.6909722222222222 0.010171874999999941 0.04334722222222235