1 0.54053125 0.6840277777777778 0.01120312499999998 0.04484722222222221
4 0.5063515625 0.6809861111111112 0.01764062499999991 0.04484722222222221
2 0.48901562500000006 0.677513888888889 0.016156250000000094 0.04451388888888887
3 0.471921875 0.6757777777777778 0.01518750000000002 0.044083333333333426
8 0.5473671875 0.36176388888888894 0.014734374999999966 0.04204166666666668
8 0.48315625000000006 0.39301388888888894 0.013273437499999985 0.04030555555555557
4 0.5234375 0.6827222222222223 0.018054687499999833 0.04570833333333329
4 0.45483593750000006 0.6740416666666668 0.016664062499999965 0.044083333333333426
3 0.451171875 0.4084166666666667 0.013124999999999942 0.04115277777777779
7 0.42358593750000006 0.6688333333333334 0.016023437500000015 0.044250000000000095
4 0.4677734375 0.39822222222222226 0.0139531249999999 0.03908333333333333
7 0.530765625 0.3680555555555556 0.013125000000000053 0.04106944444444446
8 0.43896875 0.6705694444444446 0.015835937500000008 0.045194444444444315
3 0.4357890625 0.41427777777777774 0.012289062500000059 0.04015277777777775
7 0.4985390625 0.3836805555555556 0.013023437500000012 0.04001388888888879
1 0.515625 0.3767361111111111 0.009929687500000117 0.037055555555555446