2 0.43896875 0.6627638888888889 0.017578125 0.04758333333333336
4 0.4575234375 0.6679722222222222 0.019562499999999927 0.04812500000000005
8 0.5102578125 0.32095833333333335 0.015835937499999897 0.046499999999999986
1 0.49487500000000006 0.6727500000000001 0.011374999999999913 0.04747222222222211
3 0.40746875 0.3691388888888889 0.013124999999999942 0.04326388888888882
4 0.40405468750000006 0.6575555555555556 0.018054687499999944 0.04695833333333334
3 0.421875 0.6597222222222222 0.015304687499999914 0.04747222222222211
7 0.371828125 0.648875 0.01596093749999994 0.04431944444444448
4 0.4248046875 0.35915277777777777 0.014499999999999957 0.04084722222222226
8 0.4416484375 0.35177777777777774 0.013632812500000036 0.041805555555555526
4 0.4751015625 0.6710138888888889 0.020140625000000023 0.04961111111111115
7 0.4926796875 0.328125 0.01400781250000005 0.04519444444444451
8 0.386234375 0.6527777777777778 0.01621874999999995 0.04747222222222211
3 0.3911171875 0.37565277777777784 0.013023437500000012 0.04351388888888893
7 0.4585 0.34375 0.012968749999999973 0.04234722222222222
1 0.4751015625 0.33658333333333335 0.009929687500000006 0.04084722222222226