2 0.42065625000000006 0.661888888888889 0.018156249999999985 0.04997222222222221
4 0.44018750000000006 0.6670972222222223 0.020601562499999893 0.051513888888888935
1 0.4775390625 0.6727500000000001 0.011289062500000058 0.050069444444444305
3 0.3903828125 0.3559027777777778 0.013843750000000044 0.04416666666666666
3 0.4028359375 0.6575555555555556 0.016585937500000036 0.04877777777777778
8 0.49682812500000006 0.3057777777777778 0.015671875000000002 0.04641666666666665
4 0.38428125 0.6545138888888888 0.018507812499999998 0.048319444444444436
8 0.4262734375 0.33897222222222223 0.014499999999999957 0.04451388888888887
7 0.3513203125 0.646263888888889 0.018906250000000013 0.04886111111111112
4 0.4084453125 0.3461388888888889 0.014453124999999956 0.04275000000000004
4 0.4572734375 0.6697083333333333 0.021210937500000027 0.051513888888888935
7 0.47925000000000006 0.313375 0.01518750000000002 0.046499999999999986
3 0.3747578125 0.36176388888888894 0.013742187500000003 0.04399999999999999
8 0.36742968750000005 0.648875 0.017718750000000005 0.049805555555555533
7 0.443359375 0.32943055555555556 0.014062499999999978 0.0436805555555555
1 0.4599609375 0.3222638888888889 0.009601562499999994 0.041319444444444464