8 0.724609375 0.39540277777777777 0.018906250000000124 0.04391666666666665
2 0.7119140625 0.7322083333333335 0.016921874999999975 0.05162499999999998
4 0.7333984375 0.7378472222222222 0.018695312500000005 0.052
3 0.69140625 0.7291666666666666 0.01678124999999997 0.052111111111111046
4 0.6728515625 0.7256944444444444 0.018906250000000124 0.050944444444444535
3 0.6215859375 0.41276388888888893 0.016156250000000094 0.04374999999999998
7 0.6313515625 0.7152777777777778 0.01791406250000005 0.052222222222222094
8 0.658203125 0.40625 0.017640624999999854 0.04326388888888882
4 0.64209375 0.40906944444444443 0.016460937499999995 0.042513888888888886
3 0.6044921875 0.41384722222222226 0.017179687500000096 0.04502777777777774
8 0.651859375 0.7196250000000001 0.017578125 0.05290277777777774
4 0.7529296875 0.7421944444444445 0.01911718750000002 0.051222222222222454
1 0.690921875 0.4003888888888889 0.012429687500000064 0.040388888888888905
7 0.7060546875 0.39713888888888893 0.015539062500000034 0.041069444444444554
7 0.6723671875 0.4038611111111111 0.014554687499999996 0.04052777777777767
1 0.771484375 0.7460972222222223 0.012195312499999833 0.05113888888888872