4 0.3950234375 0.6914027777777778 0.023562500000000042 0.057833333333333355
3 0.3552265625 0.6779583333333333 0.01791406249999994 0.05422222222222217
1 0.4365234375 0.7013888888888888 0.012921874999999972 0.05652777777777788
2 0.37328906250000005 0.6840277777777778 0.020414062499999996 0.05393055555555569
4 0.41479687500000006 0.6979166666666666 0.023242187499999956 0.05984722222222219
8 0.46655468750000006 0.28623611111111114 0.017515625000000035 0.05191666666666666
8 0.388671875 0.3205277777777778 0.014734374999999966 0.048388888888888815
4 0.3359375 0.6744861111111111 0.02076562500000001 0.05555555555555555
4 0.369140625 0.32595833333333335 0.01621874999999995 0.0480138888888889
3 0.3501015625 0.3376805555555556 0.014617187500000073 0.048666666666666636
7 0.2998046875 0.661888888888889 0.01927343749999999 0.055874999999999946
3 0.3325234375 0.3448333333333333 0.014671875000000001 0.04877777777777778
1 0.4260234375 0.3023055555555556 0.009632812499999921 0.04622222222222226
8 0.3168984375 0.6670972222222223 0.018765625000000008 0.05631944444444434
7 0.44604687500000006 0.29405555555555557 0.01596093750000005 0.05122222222222225
7 0.408203125 0.31011111111111117 0.014554687500000107 0.04719444444444449