2 0.379640625 0.6705694444444446 0.019640624999999967 0.055263888888888876
4 0.3989296875 0.6779583333333333 0.021648437500000006 0.055874999999999946
3 0.35546875 0.3274722222222223 0.014453124999999956 0.04931944444444447
4 0.4191875 0.6840277777777778 0.023562500000000042 0.05880555555555548
8 0.47143750000000006 0.27734722222222224 0.017640624999999965 0.05122222222222225
4 0.3408203125 0.6592916666666667 0.020570312500000076 0.054638888888888855
1 0.43921093750000006 0.6892361111111112 0.01578125000000008 0.057722222222222105
3 0.36059375000000005 0.6640694444444445 0.017101562499999945 0.054736111111111145
4 0.374515625 0.31727777777777777 0.016406249999999956 0.04730555555555554
8 0.3935546875 0.3094583333333334 0.015249999999999986 0.04793055555555556
3 0.3376484375 0.3342083333333334 0.01439062499999999 0.0495
7 0.41284375000000006 0.30012500000000003 0.01513281249999987 0.04730555555555554
7 0.306640625 0.6480000000000001 0.01983593750000001 0.05330555555555547
8 0.323 0.6523472222222222 0.01839843749999992 0.05555555555555555
7 0.4514140625 0.28494444444444444 0.016585937500000036 0.052222222222222295
1 0.43115625 0.29275000000000007 0.010328125000000021 0.045625000000000054