1 0.442875 0.6827222222222223 0.014734374999999966 0.055777777777777655
2 0.3828125 0.661888888888889 0.01991406250000005 0.05393055555555569
8 0.47534375000000006 0.2714861111111111 0.017640624999999965 0.052222222222222295
3 0.36450000000000005 0.65625 0.01791406249999994 0.05393055555555569
4 0.4033203125 0.6701388888888888 0.023421875000000036 0.05643055555555559
3 0.36059375000000005 0.319875 0.014281250000000023 0.0480138888888889
4 0.3447265625 0.6519166666666667 0.020218749999999952 0.05393055555555569
8 0.3984375 0.30338888888888893 0.015304687500000025 0.04784722222222223
4 0.4223671875 0.6757777777777778 0.025039062499999987 0.058916666666666534
4 0.3793984375 0.3107638888888889 0.015835937500000008 0.047472222222222214
3 0.3427734375 0.3268194444444445 0.014617187500000073 0.048583333333333395
7 0.3103046875 0.6401944444444445 0.019562499999999927 0.055263888888888876
7 0.4555703125 0.27886111111111117 0.016101562499999944 0.05113888888888892
1 0.4357890625 0.2868888888888889 0.010171874999999941 0.04536111111111109
7 0.417484375 0.29405555555555557 0.014734374999999966 0.04695833333333334
8 0.3266640625 0.6445277777777778 0.02002343750000002 0.05631944444444434