3 0.6845703125 0.740888888888889 0.017101562500000167 0.04997222222222221
2 0.70459375 0.7443611111111113 0.01698437500000005 0.050374999999999934
8 0.7197265625 0.4129722222222222 0.0192734375000001 0.04383333333333322
4 0.666015625 0.7374166666666668 0.017718750000000005 0.049694444444444485
4 0.7451171875 0.7530416666666668 0.01975781249999997 0.050374999999999934
4 0.7251015625 0.7491388888888889 0.01960937499999993 0.04980555555555534
8 0.651859375 0.4238333333333334 0.015671875000000002 0.04101388888888883
4 0.6376953125 0.42773611111111115 0.01596093750000005 0.04155555555555547
3 0.6171875 0.432513888888889 0.017046874999999906 0.04274999999999999
1 0.763671875 0.7556388888888889 0.013843749999999932 0.04904166666666655
7 0.624515625 0.7274305555555556 0.01791406250000005 0.051513888888888935
3 0.601078125 0.43272222222222223 0.016921874999999975 0.04511111111111113
8 0.6455078125 0.7322083333333335 0.018984375000000053 0.05300000000000003
1 0.6850625 0.4188333333333334 0.012429687500000064 0.03856944444444446
7 0.7006875 0.4155833333333334 0.015539062500000034 0.04030555555555557
7 0.66796875 0.42165277777777777 0.014390625000000101 0.03879166666666656