3 0.6748046875 0.7460972222222223 0.01652343750000007 0.048930555555555505
2 0.692875 0.7495694444444445 0.017101562500000167 0.04904166666666655
4 0.71484375 0.7547777777777779 0.018906250000000124 0.04904166666666655
8 0.7114296875 0.42751388888888897 0.018234375000000025 0.042833333333333425
3 0.6103515625 0.44834722222222223 0.015429687499999956 0.041888888888888816
8 0.646484375 0.4409722222222222 0.017046874999999906 0.04212500000000002
4 0.65625 0.7430555555555556 0.017515625000000146 0.04738888888888878
4 0.733890625 0.7578194444444445 0.018695312500000005 0.04931944444444447
1 0.753421875 0.7625833333333333 0.013374999999999915 0.049694444444444485
8 0.63671875 0.7382777777777778 0.017515625000000146 0.05056944444444452
7 0.6171875 0.734375 0.017046874999999906 0.0506388888888889
4 0.630859375 0.44487499999999996 0.016156250000000094 0.04147222222222228
3 0.5947265625 0.4505277777777778 0.014953125000000123 0.04326388888888882
7 0.6611328125 0.4385833333333334 0.014953125000000123 0.03938888888888892
7 0.6943359375 0.42990277777777774 0.01578125000000008 0.040777777777777774
1 0.6801796875 0.4344583333333334 0.013843749999999932 0.03770833333333328