2 0.6684609375 0.7608472222222222 0.017179687500000096 0.04730555555555544
3 0.5922890625 0.47091666666666665 0.015187500000000131 0.04030555555555557
4 0.6884765625 0.7647638888888889 0.01724218749999995 0.04712500000000001
8 0.690921875 0.4479166666666667 0.017101562500000167 0.04155555555555547
4 0.632328125 0.7547777777777779 0.017773437500000044 0.04719444444444439
8 0.626953125 0.46311111111111114 0.015718750000000004 0.04123611111111122
3 0.64990625 0.756513888888889 0.01578125000000008 0.04758333333333336
4 0.7075234375 0.7690972222222222 0.01791406250000005 0.04641666666666685
4 0.611328125 0.4661527777777778 0.015484374999999995 0.040222222222222236
7 0.5942421875 0.7465277777777778 0.017382812499999956 0.04719444444444439
3 0.576171875 0.47438888888888886 0.014390625000000101 0.04101388888888893
8 0.612796875 0.7513055555555557 0.01799218749999998 0.0480138888888888
7 0.6411171875 0.45963888888888893 0.014617187500000073 0.03856944444444446
7 0.673828125 0.4513888888888889 0.014898437499999861 0.039166666666666766
1 0.659671875 0.45529166666666665 0.013273437500000096 0.03748611111111108
1 0.7251015625 0.7699722222222223 0.011070312500000012 0.04527777777777765