2 0.6469765625 0.7682361111111111 0.015898437499999973 0.046333333333333115
8 0.6723671875 0.4626805555555556 0.017304687500000027 0.04006944444444452
4 0.6669921875 0.773 0.01847656250000007 0.04684722222222229
3 0.6279296875 0.7647638888888889 0.015835937499999897 0.046333333333333115
4 0.68359375 0.7747361111111111 0.017851562499999973 0.04598611111111101
4 0.6103515625 0.7621527777777778 0.016023437499999904 0.04622222222222226
3 0.576171875 0.48741666666666666 0.015539062500000034 0.040222222222222236
8 0.609375 0.47873611111111114 0.015187500000000131 0.0406111111111112
1 0.7021484375 0.7760416666666666 0.009820312500000039 0.04400000000000009
4 0.59375 0.4826388888888889 0.014835937500000007 0.03879166666666656
7 0.57421875 0.7543472222222223 0.015898437499999973 0.045874999999999964
3 0.5595703125 0.4904583333333334 0.014554687499999996 0.04084722222222226
8 0.5922890625 0.7578194444444445 0.016921874999999975 0.04886111111111112
7 0.6552734375 0.4661527777777778 0.014171875000000167 0.03879166666666656
7 0.6235390625 0.4739583333333333 0.013429687499999954 0.037972222222222345
1 0.640140625 0.469625 0.011468750000000139 0.03594444444444436