2 0.6220703125 0.7595555555555555 0.01578125000000008 0.043597222222222363
4 0.640625 0.7638888888888888 0.016460937499999995 0.04243055555555545
8 0.6513671875 0.4713611111111111 0.015304687500000025 0.039638888888888876
8 0.5903359375 0.4887222222222223 0.01513281249999987 0.03856944444444446
3 0.5576171875 0.4982638888888889 0.014953125000000123 0.039013888888888855
4 0.5883828125 0.7552083333333334 0.016664062499999854 0.04375000000000008
3 0.604984375 0.756513888888889 0.015539062500000034 0.04443055555555553
4 0.6572265625 0.765625 0.017640624999999854 0.04315277777777777
7 0.5537109375 0.7491388888888889 0.01596093750000005 0.044597222222222004
1 0.675296875 0.7682361111111111 0.010859375000000115 0.04188888888888896
4 0.5756875 0.49262500000000004 0.013531249999999995 0.03770833333333338
8 0.5703125 0.7521666666666667 0.01678124999999997 0.046583333333333324
3 0.5419921875 0.5021666666666667 0.012867187499999932 0.03740277777777775
7 0.6357421875 0.47438888888888886 0.013070312500000014 0.03762500000000005
7 0.6044921875 0.48480555555555555 0.01267187500000011 0.03670833333333334
1 0.616703125 0.4791666666666667 0.010945312500000082 0.03784722222222214