4 0.630375 0.7621527777777778 0.016460937499999995 0.04251388888888879
3 0.55078125 0.5034722222222222 0.014453124999999956 0.03813888888888902
8 0.6435546875 0.4748333333333334 0.015718750000000004 0.03993055555555555
2 0.6123046875 0.7586805555555556 0.015718750000000004 0.04258333333333337
8 0.5825234375 0.4930555555555556 0.013843749999999932 0.03827777777777778
4 0.5786171875 0.7547777777777779 0.016156250000000094 0.04258333333333337
3 0.59521875 0.7556388888888889 0.015078125000000053 0.042916666666666714
4 0.6474609375 0.7638888888888888 0.017382812499999956 0.04283333333333318
1 0.6645546875 0.765625 0.010007812500000046 0.04188888888888896
7 0.544921875 0.7495694444444445 0.015484374999999995 0.044083333333333426
8 0.5615234375 0.7517361111111112 0.016406249999999956 0.04451388888888887
3 0.5361328125 0.5065138888888889 0.01467187499999989 0.039083333333333234
7 0.6274453125 0.47786111111111107 0.012867187499999932 0.03697222222222231
4 0.567875 0.49695833333333334 0.014789062500000005 0.03784722222222214
1 0.6137734375 0.48306944444444444 0.011687500000000073 0.035180555555555576
7 0.59765625 0.48827777777777776 0.012484375000000103 0.03572222222222226