2 0.5849609375 0.4305555555555556 0.018874999999999975 0.04383333333333322
6 0.49585156250000006 0.41341666666666677 0.01953125 0.04747222222222211
1 0.567875 0.4275138888888889 0.010820312499999929 0.04291666666666662
1 0.550296875 0.42338888888888887 0.010289062500000057 0.04218055555555554
8 0.5141640625 0.4149305555555556 0.017851562499999973 0.04536111111111109
5 0.08728125 0.44575000000000004 0.017914062499999994 0.04554166666666662
4 0.0667109375 0.4487916666666667 0.019640625000000016 0.044763888888888874
3 0.046539062500000006 0.453125 0.016218750000000004 0.046680555555555614
2 0.1059609375 0.44401388888888893 0.019609375000000012 0.04684722222222229
9 0.028062500000000004 0.4557361111111111 0.017640624999999997 0.046138888888888924
1 0.0082890625 0.4592083333333334 0.011289062500000002 0.045194444444444364
9 0.5341796875 0.420125 0.021484375 0.05136111111111116