9 0.5986328125 0.4223055555555556 0.0163437500000001 0.04243055555555545
5 0.1639375 0.4366388888888889 0.01738281250000001 0.04431944444444443
9 0.10540624999999999 0.4453194444444445 0.018375000000000002 0.046055555555555544
1 0.6162109375 0.4270833333333333 0.009820312500000039 0.04030555555555557
2 0.650390625 0.43533333333333335 0.018023437499999906 0.04266666666666671
6 0.5629921875 0.4173194444444445 0.01937499999999992 0.04684722222222229
4 0.1433125 0.43988888888888894 0.018374999999999975 0.042916666666666665
2 0.181640625 0.43511111111111117 0.018539062500000036 0.043833333333333266
3 0.12389843750000001 0.4427083333333333 0.015484374999999995 0.04399999999999989
8 0.5805703125 0.4186250000000001 0.017046874999999906 0.04374999999999998
1 0.6333046875 0.4320694444444444 0.010531250000000103 0.04147222222222223
1 0.086609375 0.4479166666666667 0.012671874999999999 0.04527777777777785