9 0.63428125 0.42491666666666666 0.016585937499999925 0.042916666666666665
2 0.685546875 0.4385833333333333 0.017578125 0.04155555555555552
9 0.15002343750000002 0.4392361111111111 0.018265625000000008 0.04598611111111116
2 0.22510156250000002 0.43033333333333335 0.01785156250000003 0.04359722222222221
5 0.207640625 0.4320694444444444 0.016984374999999996 0.04334722222222225
4 0.18774218750000002 0.4340277777777778 0.018539062500000036 0.04243055555555545
6 0.599609375 0.41818055555555556 0.01799218749999998 0.04511111111111118
1 0.667484375 0.43337500000000007 0.010906250000000117 0.039555555555555594
8 0.6162109375 0.41991666666666666 0.016726562500000153 0.04408333333333333
3 0.16784375 0.4359861111111112 0.01578124999999997 0.04431944444444443
1 0.65234375 0.4305555555555556 0.010570312500000068 0.04047222222222224
1 0.130859375 0.4411944444444445 0.012382812500000007 0.04351388888888898