9 0.6606484375 0.42079166666666673 0.015718750000000004 0.04147222222222228
9 0.1796875 0.4305555555555556 0.017640624999999965 0.044763888888888874
2 0.7119140625 0.43533333333333335 0.01724218749999995 0.04155555555555547
4 0.21703906250000002 0.42577777777777776 0.0180546875 0.041805555555555575
3 0.197390625 0.42904166666666677 0.015429687499999956 0.042833333333333376
6 0.62646875 0.41515277777777787 0.017773437500000044 0.04443055555555553
1 0.6943359375 0.4309861111111112 0.010492187500000139 0.03848611111111117
2 0.2536640625 0.4229583333333334 0.01751562499999995 0.043263888888888866
8 0.6430703125 0.4164444444444444 0.01652343750000007 0.04334722222222225
5 0.23669531250000003 0.4238333333333334 0.0171015625 0.042347222222222265
1 0.679203125 0.4279583333333334 0.010492187500000139 0.039680555555555594
1 0.160890625 0.43206944444444445 0.011070312500000012 0.043833333333333266