9 0.685546875 0.4210138888888889 0.01578125000000008 0.04212500000000002
3 0.22387500000000002 0.42275 0.01536718749999999 0.04291666666666662
8 0.6684609375 0.4164444444444444 0.016921874999999975 0.04408333333333333
9 0.20642187500000003 0.4244861111111111 0.017718750000000005 0.04343055555555549
2 0.73584375 0.4357638888888889 0.017304687500000027 0.04204166666666668
1 0.703125 0.4262222222222223 0.010171874999999941 0.040222222222222236
4 0.24328906250000004 0.4205694444444445 0.018023437500000017 0.04234722222222222
2 0.280515625 0.41797222222222224 0.017718750000000005 0.04326388888888882
5 0.2634296875 0.4194861111111111 0.017046875000000017 0.04351388888888893
6 0.651859375 0.41384722222222226 0.018124999999999947 0.044680555555555536
1 0.1878671875 0.4257777777777778 0.011914062499999989 0.04291666666666662
1 0.7197265625 0.4320694444444444 0.010492187500000139 0.041069444444444506