3 0.24633593750000002 0.42426388888888894 0.015429687500000011 0.0433472222222223
9 0.7041015625 0.4279583333333334 0.016023437499999904 0.042916666666666665
2 0.7543984375 0.4427083333333333 0.016726562500000153 0.04204166666666668
9 0.228515625 0.4255694444444445 0.01730468749999997 0.0439166666666667
5 0.2841796875 0.42144444444444445 0.016460937499999995 0.04334722222222225
4 0.2653828125 0.4223055555555556 0.01672656249999993 0.041805555555555624
6 0.6704140625 0.42144444444444445 0.018343750000000103 0.045430555555555564
1 0.7216796875 0.4338055555555555 0.009562499999999918 0.039763888888888835
1 0.7368203125 0.4385833333333333 0.010609375000000032 0.04015277777777775
8 0.687015625 0.4229583333333333 0.016023437499999904 0.04425
2 0.30225 0.41991666666666666 0.017304687500000027 0.043152777777777866
1 0.2099609375 0.4275138888888889 0.010781249999999964 0.041319444444444464