3 0.27075 0.4244861111111111 0.015484374999999995 0.04300000000000005
9 0.726078125 0.4331666666666667 0.015718750000000004 0.04218055555555559
9 0.2526875 0.425125 0.01724218750000006 0.043083333333333286
5 0.30883593750000005 0.42144444444444445 0.016156249999999983 0.04243055555555545
4 0.289796875 0.42275 0.01724218750000006 0.041805555555555624
6 0.6923828125 0.425125 0.017437499999999995 0.04391666666666665
1 0.75928125 0.44487499999999996 0.010171874999999941 0.041069444444444554
2 0.775390625 0.4487916666666667 0.017046874999999906 0.041805555555555624
1 0.7421875 0.4392361111111111 0.010210937499999906 0.041069444444444554
2 0.326171875 0.4205694444444445 0.017718750000000005 0.043152777777777866
8 0.7085 0.42773611111111115 0.016460937499999995 0.042916666666666665
1 0.23474218750000003 0.42643055555555553 0.010859375000000004 0.04258333333333327