3 0.2932109375 0.42773611111111115 0.014671875000000001 0.041069444444444554
9 0.744140625 0.4411944444444445 0.01513281249999987 0.041638888888888954
8 0.7275390625 0.4359861111111112 0.015718750000000004 0.04300000000000005
2 0.7934609375 0.4574722222222223 0.016281250000000025 0.04084722222222221
9 0.2758828125 0.42859722222222224 0.016921874999999975 0.04226388888888883
4 0.3122578125 0.4264305555555555 0.017304687500000027 0.040472222222222194
1 0.77734375 0.45269444444444445 0.010171874999999941 0.03984722222222227
1 0.7607421875 0.4479166666666667 0.009601562499999883 0.039638888888888876
5 0.33129687500000005 0.4255694444444445 0.01596093749999994 0.041638888888888954
2 0.3486328125 0.4244861111111111 0.01678124999999997 0.041888888888888816
6 0.7109375 0.43380555555555556 0.01724218749999995 0.0436805555555556
1 0.2575703125 0.4292500000000001 0.011164062500000016 0.041958333333333396