6 0.720703125 0.4409722222222222 0.017101562500000167 0.0433472222222223
3 0.30590625000000005 0.4305555555555556 0.014453124999999956 0.041388888888888795
9 0.753421875 0.44834722222222223 0.015015624999999977 0.04061111111111115
8 0.7368203125 0.44336111111111115 0.015898437499999973 0.04212500000000002
9 0.2893046875 0.4312083333333334 0.016921874999999975 0.04243055555555545
5 0.34399218750000005 0.42838888888888893 0.016023437500000015 0.04212500000000002
4 0.3251953125 0.42904166666666677 0.017046875000000017 0.04084722222222221
2 0.8022500000000001 0.46484722222222224 0.016664062499999854 0.04115277777777774
1 0.7856484375 0.46049999999999996 0.010007812500000046 0.03930555555555553
1 0.76953125 0.4557361111111111 0.00912500000000005 0.03805555555555548
2 0.3610859375 0.42773611111111115 0.01672656249999993 0.04218055555555559
1 0.270265625 0.43186111111111114 0.010531249999999992 0.04243055555555545