8 0.7485390625 0.45269444444444445 0.015484374999999995 0.04212500000000002
9 0.765625 0.4574722222222223 0.015249999999999986 0.03976388888888888
3 0.317140625 0.4312083333333334 0.014898437500000083 0.04243055555555545
4 0.3359375 0.4305555555555556 0.017046875000000017 0.04115277777777774
5 0.3544921875 0.4305555555555556 0.016585937500000036 0.04218055555555559
9 0.298828125 0.432513888888889 0.017179687499999985 0.04343055555555549
1 0.7978515625 0.4704861111111111 0.009195312499999941 0.03924999999999991
6 0.7333984375 0.44922222222222224 0.017101562500000167 0.04195833333333335
1 0.7817421875 0.4644166666666667 0.009195312499999941 0.039013888888888855
2 0.3728046875 0.4299027777777778 0.017382812499999956 0.042125000000000065
2 0.8134765625 0.47526388888888893 0.01672656249999993 0.04084722222222226
1 0.2802734375 0.4331666666666667 0.009453125000000062 0.04204166666666668