6 0.755375 0.46311111111111114 0.017179687500000096 0.043680555555555646
8 0.771484375 0.4661527777777778 0.01596093750000005 0.04315277777777777
9 0.787109375 0.47091666666666665 0.015304687500000025 0.04123611111111122
3 0.33422656250000005 0.4409722222222222 0.015671875000000002 0.04315277777777782
9 0.31567187500000005 0.44140277777777787 0.017578125 0.04399999999999994
2 0.8354531250000001 0.48827777777777776 0.016406249999999956 0.04006944444444452
5 0.37378125 0.4403194444444445 0.01634374999999999 0.042666666666666755
4 0.35375781250000005 0.4409722222222222 0.017640625000000076 0.041888888888888816
2 0.391359375 0.4396666666666667 0.017851562499999973 0.04258333333333327
1 0.8198281250000001 0.4826388888888889 0.009781250000000075 0.038486111111111124
1 0.8046875 0.47873611111111114 0.008742187499999998 0.037972222222222345
1 0.296875 0.44205555555555553 0.01187500000000008 0.04351388888888893