9 0.8081093750000001 0.46744444444444444 0.015539062499999812 0.040152777777777655
8 0.7915078125 0.46223611111111107 0.015187500000000131 0.04115277777777774
9 0.3310546875 0.43706944444444445 0.018156249999999985 0.044680555555555536
3 0.3493671875 0.43533333333333335 0.016156249999999983 0.044250000000000046
2 0.8564453125 0.48654166666666665 0.016843750000000046 0.04052777777777767
5 0.3896484375 0.4357638888888889 0.016156249999999983 0.043083333333333335
4 0.3696328125 0.4359861111111112 0.01829687499999999 0.04212500000000002
2 0.40796093750000006 0.4351111111111111 0.017851562499999973 0.04274999999999994
6 0.775390625 0.45876388888888886 0.016664062499999854 0.04226388888888878
1 0.8247109375000001 0.47438888888888886 0.010171874999999941 0.039013888888888855
1 0.8408203125 0.48133333333333334 0.0103281249999998 0.038486111111111124
1 0.3110390625 0.43727777777777777 0.010367187499999986 0.04274999999999994