6 0.79053125 0.4661527777777778 0.017179687500000096 0.04334722222222235
8 0.8061562500000001 0.46918055555555555 0.016281250000000025 0.042347222222222314
9 0.8227578125000001 0.4748333333333334 0.015898437499999973 0.041069444444444554
9 0.34301562500000005 0.4444444444444444 0.01791406249999994 0.045194444444444364
3 0.3618203125 0.4437916666666667 0.01621874999999995 0.04443055555555558
4 0.382328125 0.4431388888888889 0.01829687499999999 0.0436805555555556
2 0.87109375 0.49262500000000004 0.01672656249999993 0.041388888888888746
5 0.40307812500000006 0.44336111111111115 0.017046875000000017 0.04416666666666656
1 0.85546875 0.4878472222222222 0.010648437499999996 0.04052777777777767
2 0.421140625 0.4424861111111111 0.01839843749999992 0.04408333333333333
1 0.8393593750000001 0.48220833333333335 0.010210937500000128 0.039083333333333234
1 0.3239765625 0.44487499999999996 0.01159375000000007 0.04375000000000003