6 0.7915078125000001 0.4618055555555556 0.017382812500000178 0.04326388888888882
8 0.806640625 0.4652777777777778 0.016664062499999854 0.04300000000000005
9 0.8232421875 0.4704861111111111 0.015429687499999956 0.04052777777777767
9 0.3435078125 0.44205555555555553 0.01791406249999994 0.04491666666666669
3 0.3623046875 0.4411944444444445 0.016156249999999983 0.044597222222222205
5 0.4028359375 0.4409722222222222 0.016460937499999995 0.04399999999999989
2 0.8715859375000001 0.48827777777777776 0.017242187500000172 0.04155555555555542
4 0.38305468750000005 0.4411944444444445 0.018874999999999975 0.04351388888888898
2 0.42163281250000006 0.43988888888888894 0.018695312500000005 0.04375000000000003
1 0.8408203125 0.4783055555555556 0.010171874999999941 0.03813888888888902
1 0.3232421875 0.4424861111111111 0.009898437499999968 0.042513888888888886
1 0.8559609375000001 0.4835138888888889 0.010007812500000046 0.03930555555555553