6 0.78515625 0.4626805555555556 0.017304687500000027 0.04351388888888898
8 0.8012734375000001 0.46570833333333334 0.01652343750000007 0.04243055555555545
9 0.8178750000000001 0.47005555555555556 0.015671875000000002 0.03984722222222222
9 0.332765625 0.4461805555555556 0.018125000000000058 0.04443055555555553
3 0.35180468750000005 0.44487499999999996 0.016460937499999995 0.04416666666666656
5 0.3930703125 0.4444444444444444 0.016585937500000036 0.04408333333333338
2 0.8671875 0.48827777777777776 0.017578125 0.04069444444444434
4 0.373046875 0.4444444444444444 0.018585937499999927 0.04351388888888898
1 0.8349609375 0.4774305555555556 0.010984375000000046 0.03865277777777779
2 0.4123515625 0.4437916666666667 0.01847656250000007 0.04443055555555558
1 0.3129921875 0.4470555555555556 0.01120312499999998 0.04266666666666671
1 0.8505859375 0.48394444444444445 0.011734375000000075 0.039013888888888855