8 0.796875 0.4765694444444445 0.017046875000000128 0.04266666666666671
9 0.8139687500000001 0.48133333333333334 0.016843750000000046 0.04155555555555542
5 0.3833046875 0.46049999999999996 0.017515624999999924 0.043680555555555646
4 0.36254687500000005 0.46137500000000004 0.01791406249999994 0.04258333333333332
3 0.3415546875 0.4618055555555556 0.017046875000000017 0.044680555555555536
2 0.86328125 0.49783333333333335 0.017242187500000172 0.04084722222222226
9 0.322265625 0.46311111111111114 0.018718750000000006 0.04554166666666662
6 0.780765625 0.4748333333333334 0.01698437500000005 0.04300000000000005
1 0.8471718750000001 0.4930555555555556 0.011031249999999826 0.038958333333333234
2 0.4025859375 0.45963888888888893 0.018585937499999927 0.043083333333333335
1 0.8310546875 0.4887222222222223 0.011031249999999826 0.039166666666666766
1 0.3017578125 0.46397222222222223 0.012101562500000052 0.043680555555555646