8 0.7783203125 0.45181944444444444 0.017101562500000167 0.04155555555555547
3 0.3103046875 0.44661111111111107 0.017046875000000017 0.04451388888888887
6 0.76171875 0.44922222222222224 0.017578125 0.04212500000000002
5 0.35303125 0.4444444444444444 0.017437499999999995 0.04399999999999989
9 0.7958984375 0.45616666666666666 0.016843750000000046 0.040222222222222236
4 0.331546875 0.44575000000000004 0.018507812499999998 0.042513888888888934
9 0.2900390625 0.4479166666666667 0.01901562499999998 0.044680555555555536
2 0.8466796875 0.47179166666666666 0.017101562499999945 0.039013888888888855
1 0.830078125 0.46831944444444445 0.011687500000000073 0.039013888888888855
1 0.8139687500000001 0.46311111111111114 0.012054687499999828 0.03879166666666656
2 0.37328906250000005 0.44313888888888897 0.019421875000000033 0.04343055555555554
1 0.2697734375 0.44834722222222223 0.011328125000000022 0.04431944444444443