6 0.7314453125 0.4437916666666667 0.01847656250000007 0.041958333333333396
3 0.27221875 0.453125 0.01678124999999997 0.04243055555555545
8 0.7485390625 0.44487499999999996 0.016726562500000153 0.03993055555555555
9 0.7661171875 0.45008333333333334 0.01724218749999995 0.039166666666666766
9 0.2517109375 0.45443055555555556 0.018585937499999955 0.04416666666666656
4 0.2939453125 0.4505277777777778 0.018187500000000023 0.04147222222222228
2 0.8188515625000001 0.46397222222222223 0.0179921875000002 0.03827777777777778
5 0.3154296875 0.44922222222222224 0.01791406249999994 0.041805555555555624
2 0.3359375 0.4479166666666667 0.018906250000000013 0.04172222222222214
1 0.7856484375 0.4574722222222223 0.012570312499999847 0.03770833333333333
1 0.8017578125 0.4609444444444445 0.013429687499999954 0.03865277777777779
1 0.23059375000000004 0.4557361111111111 0.011328125000000022 0.04266666666666671