6 0.724125 0.432513888888889 0.018617187499999854 0.04258333333333332
8 0.7412109375 0.43445833333333334 0.017718750000000005 0.041069444444444506
9 0.759765625 0.43858333333333327 0.017851562499999973 0.040472222222222194
3 0.25390625 0.44575000000000004 0.01724218750000006 0.042916666666666665
5 0.29834375 0.44205555555555553 0.018234375000000025 0.043083333333333286
4 0.2756328125 0.44401388888888893 0.019562499999999927 0.04172222222222214
9 0.23266406250000002 0.44834722222222223 0.02009375000000002 0.04399999999999989
2 0.8134765625 0.45181944444444444 0.018874999999999975 0.03930555555555553
1 0.7783203125 0.44313888888888897 0.012968749999999973 0.036916666666666736
1 0.7958984375 0.4487916666666667 0.014062500000000089 0.03784722222222219
2 0.31909375 0.4409722222222222 0.01991406250000005 0.04258333333333332
1 0.21142968750000002 0.45008333333333334 0.01277343750000004 0.042833333333333376