8 0.733890625 0.42426388888888894 0.017437499999999995 0.04061111111111115
6 0.7163125 0.4220972222222223 0.018648437500000004 0.04123611111111122
3 0.24108593749999999 0.43988888888888894 0.01724218750000006 0.043680555555555646
2 0.8071328125000001 0.4409722222222222 0.018648437500000004 0.03887500000000004
5 0.2856484375 0.4357638888888889 0.019085937499999983 0.04300000000000005
4 0.2629375 0.4377222222222223 0.01983593750000001 0.041388888888888795
9 0.21996875000000002 0.442486111111111 0.02024999999999999 0.04484722222222216
2 0.3063984375 0.4338055555555555 0.01986718749999994 0.04147222222222223
9 0.7524453125 0.42838888888888893 0.01799218749999998 0.039680555555555594
1 0.7890625 0.4377222222222223 0.013218750000000057 0.03836111111111112
1 0.7719765625 0.4344583333333334 0.012867187499999932 0.038361111111111165
1 0.19811718749999999 0.4444444444444444 0.012773437499999984 0.04326388888888882