6 0.7158203125 0.41427777777777774 0.01937499999999992 0.04155555555555552
8 0.7333984375 0.4155833333333334 0.01837500000000003 0.04030555555555557
9 0.7524453125 0.4194861111111111 0.01837500000000003 0.039166666666666766
2 0.8076171875 0.4320694444444444 0.020296875000000103 0.04084722222222216
5 0.276609375 0.4312083333333334 0.018648437500000004 0.04172222222222214
4 0.2541484375 0.433375 0.02044531249999995 0.04101388888888883
3 0.23059375000000004 0.43533333333333335 0.018125000000000058 0.04375000000000003
9 0.20983593749999999 0.43901388888888887 0.020890624999999996 0.04491666666666669
2 0.2978515625 0.42904166666666677 0.020648437500000005 0.042347222222222265
1 0.7724609375 0.4244861111111111 0.013632812500000036 0.03819444444444445
1 0.186890625 0.4409722222222222 0.014062499999999978 0.04359722222222216
1 0.791015625 0.42904166666666677 0.015187500000000131 0.03984722222222227