8 0.7294921875 0.4053888888888889 0.018617187499999854 0.040930555555555595
6 0.7114296875 0.4034305555555556 0.018585937499999927 0.04123611111111122
3 0.22400000000000003 0.4275138888888889 0.01730468749999997 0.04172222222222219
9 0.7485390625 0.40929166666666666 0.017851562499999973 0.03938888888888887
9 0.2021484375 0.4299027777777778 0.020296874999999992 0.043833333333333266
5 0.26953125 0.42275 0.018617187500000076 0.04172222222222219
4 0.24658593750000002 0.4244861111111111 0.020718750000000008 0.04084722222222221
1 0.786625 0.41818055555555556 0.014171875000000167 0.03740277777777775
1 0.7680703125 0.41427777777777774 0.013585937500000034 0.037194444444444405
2 0.8046875 0.42079166666666673 0.019421874999999922 0.038486111111111124
1 0.17920312500000002 0.4320694444444444 0.0121953125 0.04274999999999994
2 0.2915078125 0.42079166666666673 0.02017187500000006 0.04234722222222222