6 0.705078125 0.39475000000000005 0.01953125 0.04226388888888878
8 0.7231484375 0.39691666666666664 0.018718750000000117 0.04123611111111122
9 0.7426796875 0.4008194444444444 0.018695312500000005 0.03976388888888888
3 0.21423437500000003 0.4229583333333334 0.01777343749999999 0.0430000000000001
2 0.7993203125 0.41211111111111115 0.019421874999999922 0.03887499999999999
5 0.2605 0.41797222222222224 0.018828124999999973 0.04204166666666668
4 0.2370625 0.4201388888888889 0.019015625000000036 0.04138888888888884
9 0.1917734375 0.42577777777777776 0.02116406249999997 0.04468055555555549
1 0.7631875 0.4049444444444445 0.012625000000000108 0.036347222222222184
2 0.2817421875 0.4155833333333334 0.020492187500000036 0.04147222222222228
1 0.780765625 0.40929166666666666 0.015429687499999956 0.03727777777777784
1 0.16955468750000002 0.4279583333333334 0.014062499999999978 0.043083333333333335