3 0.20654687500000002 0.4264305555555556 0.017718750000000005 0.0430000000000001
6 0.7016640625 0.3943194444444445 0.01960937499999993 0.04195833333333335
9 0.7392578125 0.4001805555555556 0.018585937499999927 0.039166666666666766
8 0.7197265625 0.3958333333333333 0.01799218749999998 0.03976388888888888
2 0.796875 0.4112361111111111 0.01991406249999983 0.038958333333333234
9 0.18408593750000002 0.42990277777777774 0.02215624999999999 0.04605555555555549
4 0.22973437500000002 0.4229583333333333 0.020492187500000036 0.04155555555555552
5 0.2526875 0.42079166666666673 0.01953125 0.04243055555555545
1 0.7783203125 0.40776388888888887 0.014453124999999956 0.03683333333333335
1 0.759765625 0.4049444444444445 0.013484374999999993 0.036708333333333246
2 0.2751484375 0.4186250000000001 0.021117187500000023 0.04266666666666671
1 0.1611328125 0.43206944444444445 0.013124999999999998 0.04416666666666661