9 0.7392578125 0.4079861111111111 0.018765624999999897 0.03955555555555554
6 0.7006875 0.4034305555555556 0.01986718750000005 0.04195833333333335
8 0.7197265625 0.4053888888888889 0.018585937499999927 0.040611111111111105
3 0.20178125 0.4392361111111111 0.018125000000000002 0.04343055555555549
2 0.796875 0.4192777777777778 0.020062499999999872 0.03870833333333332
4 0.22546093749999999 0.4357638888888889 0.02064843749999995 0.04172222222222214
5 0.2490234375 0.43272222222222223 0.01945312499999996 0.04218055555555554
9 0.1796875 0.4424861111111111 0.021453124999999962 0.04519444444444441
1 0.7778359375 0.4160138888888889 0.015367187500000101 0.037194444444444405
2 0.270265625 0.4305555555555556 0.021085937499999985 0.042833333333333376
1 0.759765625 0.41341666666666677 0.014453124999999956 0.03762500000000005
1 0.15625 0.4453194444444445 0.014500000000000013 0.0439166666666667