9 0.568359375 0.7669305555555557 0.017851562499999973 0.04931944444444447
5 0.6450234375 0.7625833333333333 0.018156250000000096 0.04877777777777759
3 0.624515625 0.7630277777777779 0.016726562500000153 0.0480138888888888
5 0.5610390625 0.40906944444444443 0.015015624999999977 0.04015277777777775
6 0.5278359375 0.4129722222222222 0.016101562499999833 0.04084722222222216
6 0.608890625 0.7643194444444444 0.019562499999999927 0.04997222222222221
6 0.544921875 0.41080555555555553 0.017304687500000027 0.04101388888888883
8 0.5498046875 0.7682361111111111 0.018796875000000046 0.050944444444444535
6 0.589359375 0.7660555555555555 0.019242187500000174 0.050263888888888886
8 0.4921875 0.4173194444444445 0.01578125000000008 0.04006944444444452
7 0.5302734375 0.7695277777777778 0.01698437500000005 0.048583333333333395
9 0.47436718750000006 0.4192777777777778 0.01596093750000005 0.04001388888888879
1 0.5102578125 0.4155833333333334 0.011289062499999947 0.036625000000000005
9 0.4572734375 0.42144444444444445 0.01596093750000005 0.04015277777777775
0 0.6645546875 0.7599861111111113 0.018695312500000005 0.048388888888888815