5 0.572265625 0.7131111111111113 0.016156250000000094 0.04641666666666665
8 0.44140625 0.38845833333333335 0.014499999999999957 0.03856944444444446
9 0.49780468750000006 0.7178888888888889 0.017046874999999906 0.047750000000000035
3 0.552734375 0.7139722222222222 0.016281250000000025 0.04695833333333334
5 0.5063515625 0.3769583333333334 0.014617187500000073 0.03984722222222232
6 0.517578125 0.7170138888888888 0.01799218749999998 0.04747222222222231
8 0.48022656250000006 0.71875 0.017578125 0.04931944444444447
6 0.536625 0.7152777777777778 0.019500000000000073 0.0480138888888888
9 0.4248046875 0.3910555555555556 0.01518750000000002 0.03879166666666656
7 0.46264843750000006 0.7200555555555557 0.016460937499999995 0.04684722222222229
6 0.47436718750000006 0.38216666666666677 0.014117187499999906 0.038486111111111124
6 0.4904765625 0.3793472222222223 0.017304687500000027 0.040222222222222236
1 0.45703125 0.3843333333333334 0.009453124999999951 0.035000000000000045
9 0.408203125 0.3932361111111111 0.014835937500000007 0.03856944444444446
0 0.5908203125 0.7118055555555556 0.017851562499999973 0.04684722222222229