5 0.4973125 0.37651388888888887 0.014062499999999978 0.03887499999999999
5 0.5556640625 0.7113750000000001 0.01578125000000008 0.04622222222222226
9 0.483640625 0.7152777777777778 0.01678124999999997 0.04676388888888895
3 0.536625 0.7122361111111111 0.01578125000000008 0.046583333333333324
8 0.4658203125 0.7157083333333333 0.017382812499999956 0.04738888888888878
6 0.4663125 0.38129166666666664 0.01596093750000005 0.040611111111111105
7 0.44897656250000006 0.7170138888888888 0.01652343750000007 0.045874999999999964
1 0.4494609375 0.3851944444444444 0.008414062499999986 0.034583333333333265
6 0.50146875 0.7148472222222223 0.01698437500000005 0.047041666666666676
8 0.4340859375 0.38845833333333335 0.014226562499999984 0.03754166666666661
6 0.5200234375 0.7135416666666666 0.01999218749999998 0.04812500000000005
6 0.48217968750000006 0.3784722222222222 0.01678124999999997 0.04030555555555557
9 0.4025859375 0.39475000000000005 0.014062499999999978 0.03762500000000005
9 0.4182109375 0.3917083333333333 0.014671875000000001 0.037347222222222226
0 0.573734375 0.7100694444444444 0.01837500000000003 0.04738888888888878