5 0.5458984375 0.7048611111111112 0.017046874999999906 0.04622222222222226
5 0.49194531250000006 0.3704444444444445 0.014390625000000101 0.04006944444444452
8 0.4580078125 0.7096388888888889 0.016664062499999965 0.046680555555555614
9 0.47534375000000006 0.7083333333333334 0.016921875000000086 0.04633333333333331
6 0.4770546875 0.3741388888888889 0.01596093750000005 0.04015277777777775
6 0.4611796875 0.3769583333333334 0.014281250000000023 0.03844444444444436
6 0.51171875 0.7070277777777778 0.018429687499999847 0.047041666666666676
6 0.494140625 0.7079027777777778 0.01837500000000003 0.04712500000000001
9 0.413578125 0.3873750000000001 0.014281250000000023 0.037916666666666626
7 0.4416484375 0.7105 0.016023437500000015 0.04511111111111098
8 0.428953125 0.3841111111111111 0.013429687500000065 0.036777777777777826
3 0.5288125 0.7057361111111111 0.016664062499999854 0.04484722222222221
1 0.44409375000000006 0.3793472222222223 0.008812500000000001 0.03366666666666666
9 0.3984375 0.3899722222222222 0.014734374999999966 0.03813888888888892
0 0.5649453125 0.7044305555555556 0.017773437500000044 0.04695833333333334