3 0.5161171875 0.7009583333333333 0.01652343750000007 0.046680555555555614
5 0.483890625 0.36415277777777777 0.014281250000000023 0.03865277777777779
5 0.53515625 0.6992222222222223 0.016726562500000153 0.04622222222222226
6 0.4533671875 0.370013888888889 0.01513281249999987 0.03887499999999999
8 0.4221171875 0.37825 0.013218750000000057 0.03797222222222225
8 0.44702343750000006 0.7035555555555555 0.017304687500000027 0.04719444444444439
9 0.46460156250000006 0.703125 0.01724218749999995 0.04712500000000001
6 0.4689921875 0.36697222222222226 0.015601562499999999 0.04006944444444452
1 0.436765625 0.37391666666666673 0.007609375000000029 0.03512499999999995
6 0.50146875 0.7018194444444444 0.018429687499999903 0.04684722222222209
6 0.4829140625 0.7022638888888889 0.017773437500000044 0.04730555555555544
7 0.43139843750000006 0.7040000000000001 0.016664062499999965 0.045361111111111185
9 0.4067421875 0.38129166666666664 0.014671875000000001 0.03819444444444445
0 0.554203125 0.6992222222222222 0.01799218749999998 0.047305555555555635
9 0.391359375 0.3834583333333333 0.01395312500000001 0.037916666666666626