3 0.503421875 0.6879305555555556 0.016156250000000094 0.04605555555555559
9 0.4516640625 0.6909722222222222 0.016281249999999914 0.04641666666666665
5 0.5224609375 0.6883750000000001 0.01698437500000005 0.04738888888888878
6 0.444828125 0.35394444444444445 0.013484374999999993 0.03740277777777775
8 0.43432812500000006 0.6914027777777778 0.01678124999999997 0.047305555555555635
9 0.3981953125 0.36675 0.014335937500000062 0.037916666666666626
1 0.4287109375 0.3578611111111112 0.008445312499999913 0.034722222222222224
8 0.4140625 0.36219444444444443 0.012671874999999999 0.03713888888888888
6 0.45971875000000006 0.3498333333333334 0.01518750000000002 0.03887499999999999
7 0.41870312500000006 0.6927083333333334 0.015718749999999893 0.045430555555555564
0 0.541015625 0.6866388888888889 0.016664062499999854 0.047750000000000035
6 0.4697265625 0.6909722222222222 0.01678124999999997 0.04684722222222229
5 0.4751015625 0.3463611111111111 0.013898437499999972 0.03955555555555554
6 0.48706250000000006 0.6901111111111111 0.018054687499999944 0.04695833333333334
9 0.383546875 0.3695694444444444 0.013742187500000003 0.03727777777777774