5 0.4692421875 0.33984722222222224 0.014335937499999951 0.040222222222222236
8 0.40796093750000006 0.35547222222222224 0.013124999999999942 0.03836111111111112
5 0.513671875 0.6844583333333334 0.01678124999999997 0.047847222222222326
9 0.442875 0.6870694444444445 0.015429687499999956 0.046138888888888924
6 0.460453125 0.6870694444444445 0.017578125 0.04758333333333336
9 0.3930703125 0.36025 0.01395312500000001 0.038791666666666655
6 0.43896875 0.34744444444444444 0.014617187500000073 0.03836111111111112
3 0.4946328125 0.6844583333333334 0.015835937499999952 0.04747222222222211
8 0.4262734375 0.6875 0.016664062499999965 0.04641666666666665
7 0.4103984375 0.6888055555555556 0.016023437500000015 0.04502777777777764
9 0.378421875 0.3632777777777778 0.013687499999999964 0.038444444444444455
6 0.4541015625 0.3430972222222223 0.01578125000000008 0.04084722222222226
6 0.47827343750000006 0.6857638888888888 0.01911718750000002 0.04877777777777778
1 0.42260937500000006 0.3524305555555556 0.007546875000000064 0.03491666666666661
0 0.53125 0.6831666666666667 0.018124999999999947 0.04793055555555546