3 0.4819375 0.6961805555555556 0.01596093750000005 0.04747222222222231
5 0.45971875000000006 0.3480972222222223 0.013898437499999972 0.040388888888888905
9 0.3845234375 0.3695694444444444 0.013742187500000003 0.038486111111111124
8 0.39990625 0.3650138888888889 0.012570312499999958 0.03754166666666661
5 0.50146875 0.6961805555555556 0.01652343750000007 0.04695833333333334
6 0.46655468750000006 0.6970555555555555 0.01839843749999992 0.048583333333333395
6 0.4494609375 0.6979166666666666 0.017437499999999995 0.04793055555555546
6 0.4299296875 0.35547222222222224 0.014953125000000123 0.04001388888888889
9 0.370609375 0.3724027777777778 0.013531249999999995 0.037916666666666626
7 0.39965625000000005 0.6983472222222222 0.01536718749999999 0.04511111111111098
8 0.4145546875 0.6983472222222223 0.01578125000000008 0.04622222222222226
1 0.41382031250000006 0.3598055555555556 0.007578124999999991 0.03431944444444449
9 0.43139843750000006 0.6979166666666666 0.016281249999999914 0.04668055555555542
0 0.519046875 0.6944444444444444 0.01724218749999995 0.048388888888888815
6 0.444578125 0.35134722222222226 0.014281250000000023 0.039013888888888855