8 0.3942890625 0.3650138888888889 0.012195312500000055 0.03748611111111108
5 0.4533671875 0.34873611111111114 0.013687499999999964 0.040388888888888905
3 0.47241406250000006 0.6935833333333333 0.01578125000000008 0.046499999999999986
8 0.40698437500000006 0.6944444444444444 0.015429687499999956 0.04684722222222229
5 0.491453125 0.693138888888889 0.016281249999999914 0.046583333333333324
6 0.440671875 0.6948750000000001 0.01698437500000005 0.04747222222222211
9 0.379640625 0.3695694444444444 0.013023437500000012 0.03805555555555548
9 0.4228515625 0.6948750000000001 0.015718749999999893 0.04695833333333334
6 0.42334375 0.35525000000000007 0.014335937499999951 0.04069444444444444
9 0.3657265625 0.3726111111111111 0.012624999999999997 0.03713888888888888
7 0.3923359375 0.6953194444444445 0.015249999999999986 0.04502777777777784
1 0.408203125 0.3613333333333334 0.008000000000000007 0.034583333333333265
6 0.456546875 0.6944444444444444 0.01678124999999997 0.04695833333333334
0 0.5087890625 0.6918472222222223 0.017101562500000167 0.048319444444444436
6 0.4379921875 0.35220833333333335 0.015078124999999942 0.03984722222222222