5 0.4833984375 0.6875 0.016585937500000036 0.04747222222222231
5 0.4477578125 0.3420138888888889 0.013273437499999985 0.040388888888888905
3 0.464359375 0.6866388888888889 0.01518750000000002 0.045874999999999964
6 0.4321328125 0.6883750000000001 0.017046874999999906 0.04695833333333334
9 0.4150390625 0.6883750000000001 0.015015624999999977 0.04554166666666662
8 0.40014843750000006 0.6888055555555557 0.01578125000000008 0.045874999999999964
6 0.448734375 0.6883750000000001 0.01837500000000003 0.04758333333333336
8 0.38891406250000005 0.359375 0.01277343750000004 0.037194444444444405
9 0.36157031250000005 0.36762500000000004 0.013218749999999946 0.037916666666666626
6 0.433109375 0.3459166666666667 0.014734374999999966 0.039680555555555545
7 0.3855 0.6892361111111112 0.015249999999999986 0.04431944444444448
6 0.4189453125 0.35047222222222224 0.013218750000000057 0.03797222222222215
1 0.4033203125 0.35459722222222223 0.008125000000000049 0.03315277777777778
0 0.5 0.6857638888888888 0.017773437500000044 0.047847222222222326
9 0.374609375 0.36576388888888894 0.014843750000000044 0.0433333333333334