3 0.460453125 0.6553888888888889 0.01578125000000008 0.047750000000000035
5 0.47778125 0.6545138888888888 0.01578125000000008 0.04758333333333336
9 0.4123515625 0.6558194444444445 0.015367187500000101 0.04622222222222226
6 0.4453125 0.65625 0.017179687499999985 0.04738888888888897
5 0.44653125 0.31098611111111113 0.013484374999999993 0.04047222222222224
6 0.4296875 0.6566805555555556 0.015484374999999995 0.04622222222222226
8 0.396 0.65625 0.015429687499999956 0.04598611111111121
8 0.38989062500000005 0.3285555555555556 0.011960937499999935 0.03683333333333335
6 0.4182109375 0.3196666666666667 0.013023437500000012 0.038486111111111124
7 0.382328125 0.6571250000000001 0.015539062500000034 0.04527777777777785
1 0.40307812500000006 0.32334722222222223 0.0074843749999999876 0.032958333333333395
9 0.3620625 0.3370277777777778 0.012828124999999968 0.038791666666666655
6 0.4326171875 0.3146666666666667 0.015601562499999999 0.040388888888888905
0 0.495609375 0.6540833333333333 0.017578125 0.04877777777777778
9 0.3759765625 0.3335555555555556 0.013171875000000055 0.039013888888888855