5 0.4765625 0.6401944444444445 0.016101562499999944 0.04712500000000001
5 0.44507031250000006 0.2934027777777778 0.013687499999999964 0.04052777777777777
3 0.45825 0.6401944444444445 0.015601562499999999 0.046138888888888924
8 0.3876953125 0.3116388888888889 0.012429687499999953 0.037916666666666723
8 0.3935546875 0.6410555555555556 0.016023437500000015 0.047041666666666676
9 0.409671875 0.6415000000000001 0.015718749999999893 0.046499999999999986
6 0.4267578125 0.6415000000000001 0.016921875000000086 0.04695833333333334
7 0.38012500000000005 0.6423611111111112 0.015249999999999986 0.04491666666666679
9 0.36059375000000005 0.32075000000000004 0.012921874999999972 0.03770833333333328
6 0.41675000000000006 0.3029583333333334 0.012625000000000108 0.03762499999999994
1 0.401609375 0.3066388888888889 0.008031249999999934 0.0344444444444445
6 0.43090625 0.2973055555555556 0.014226562499999984 0.03895833333333333
8 0.37378125 0.31619444444444444 0.012828124999999968 0.0377638888888889
0 0.4931640625 0.6388888888888888 0.01751562500000009 0.04886111111111112
6 0.4418984375 0.6419305555555556 0.016281249999999914 0.044597222222222205