8 0.3855 0.2949166666666667 0.012382812500000062 0.03836111111111112
3 0.455078125 0.6289027777777778 0.015718749999999893 0.04847222222222215
8 0.38940625 0.6302083333333334 0.016281250000000025 0.04738888888888897
5 0.4736328125 0.6289027777777778 0.01652343750000007 0.04866666666666654
5 0.442625 0.27561111111111114 0.014226562499999984 0.04188888888888896
6 0.42334375 0.6302083333333334 0.01847656250000007 0.049125000000000085
6 0.41382031250000006 0.2838611111111111 0.014390625000000101 0.04015277777777785
9 0.405765625 0.6302083333333334 0.016101562499999944 0.04793055555555546
7 0.3754921875 0.6310833333333333 0.01621874999999995 0.04676388888888875
1 0.3989296875 0.28970833333333335 0.0076406249999999565 0.03420833333333335
6 0.43871875 0.6289027777777778 0.017640624999999965 0.04923611111111113
6 0.4287109375 0.2795138888888889 0.015429687499999956 0.041236111111111126
9 0.3708515625 0.2996944444444445 0.013687499999999964 0.03856944444444446
0 0.48999218750000006 0.6280416666666667 0.018539062500000036 0.050458333333333466
9 0.35766406250000005 0.3029583333333334 0.013632812500000036 0.037916666666666723