3 0.4350625 0.6189305555555555 0.016281249999999914 0.049805555555555533
5 0.427 0.2515138888888889 0.014734374999999966 0.0436805555555555
5 0.4541015625 0.6197916666666666 0.017718750000000005 0.050458333333333466
8 0.367921875 0.2717083333333334 0.013023437500000012 0.040777777777777774
6 0.4184609375 0.6202222222222223 0.018718750000000006 0.0506388888888889
8 0.36865625 0.6193611111111111 0.016281250000000025 0.04904166666666675
9 0.384765625 0.6197916666666666 0.01621874999999995 0.049125000000000085
6 0.3969765625 0.25998611111111114 0.015304687500000025 0.04391666666666665
7 0.35425 0.6202222222222223 0.016281250000000025 0.047305555555555635
1 0.3818359375 0.26693055555555556 0.008289062500000055 0.036625000000000005
9 0.353515625 0.2769166666666667 0.013687499999999964 0.04101388888888883
6 0.41186718750000006 0.2558611111111111 0.016023437500000015 0.043083333333333286
0 0.47143750000000006 0.6189305555555555 0.017851562499999973 0.05180555555555541
6 0.40210156250000006 0.6202222222222223 0.016585937500000036 0.048930555555555505
9 0.3396015625 0.2803888888888889 0.014062499999999978 0.04047222222222224