5 0.42651562500000006 0.24587499999999998 0.015249999999999986 0.04315277777777777
8 0.36742968750000005 0.26649999999999996 0.012968749999999973 0.04084722222222226
5 0.4521484375 0.6132777777777778 0.017640624999999965 0.05113888888888892
9 0.3837890625 0.6128472222222222 0.01634374999999999 0.04931944444444447
3 0.433109375 0.6124166666666667 0.01678124999999997 0.049694444444444485
8 0.3671875 0.6128472222222222 0.017304687500000027 0.04904166666666655
7 0.353515625 0.6137222222222223 0.016023437500000015 0.04712500000000001
6 0.40112500000000006 0.6132777777777778 0.01652343750000007 0.04923611111111113
9 0.3525390625 0.2714861111111111 0.013687499999999964 0.04115277777777779
1 0.38110156250000005 0.26106944444444447 0.008515625000000027 0.03643055555555562
6 0.396484375 0.25498611111111114 0.014953125000000012 0.04138888888888895
0 0.47021875 0.6128472222222222 0.018828124999999973 0.05230555555555543
9 0.3388671875 0.2747361111111111 0.013843750000000044 0.04001388888888889
6 0.411625 0.24934722222222222 0.01621874999999995 0.043513888888888824
6 0.41631250000000003 0.6151527777777779 0.016992187499999978 0.06987500000000008