6 0.6884765625 0.3057777777777778 0.01994531249999998 0.04866666666666673
3 0.8291015625 0.7235277777777779 0.018585937499999927 0.057722222222222105
6 0.814453125 0.7235277777777779 0.019562499999999927 0.05837500000000004
6 0.70703125 0.3066388888888889 0.01986718750000005 0.04886111111111112
6 0.7954140625 0.725263888888889 0.02084375000000005 0.05951388888888884
5 0.8501015625000001 0.7226527777777778 0.018695312499999783 0.05609722222222224
9 0.6293984375 0.3046944444444445 0.018765624999999897 0.04904166666666665
9 0.7719765625 0.7270000000000001 0.0197890624999999 0.058597222222222335
8 0.64990625 0.30512500000000004 0.018429687499999847 0.0476666666666667
5 0.7231484375 0.30686111111111114 0.018429687499999847 0.047750000000000035
6 0.753421875 0.7291666666666666 0.021359374999999847 0.06048611111111097
7 0.729984375 0.7295972222222222 0.018023437499999906 0.060277777777777826
1 0.66796875 0.30512500000000004 0.01400781250000005 0.04519444444444451
9 0.61084375 0.30359722222222224 0.018124999999999947 0.049805555555555533
0 0.8717812500000002 0.7183055555555555 0.02011718749999991 0.0748055555555555