0 0.8422890625000001 0.7113750000000001 0.023242187499999956 0.057291666666666664
6 0.66796875 0.313375 0.017046874999999906 0.04519444444444451
6 0.787109375 0.7126805555555555 0.020414062499999996 0.05652777777777788
6 0.76709375 0.7135416666666666 0.018695312500000005 0.05697222222222228
6 0.6860390625 0.31380555555555556 0.018796875000000046 0.04527777777777785
8 0.7251015625 0.7178888888888889 0.020140625000000023 0.060388888888888874
3 0.8032265625000001 0.7122361111111111 0.017718750000000005 0.054638888888888855
5 0.822265625 0.7118055555555556 0.018124999999999947 0.05495833333333325
5 0.7021484375 0.3142361111111111 0.016460937499999995 0.04451388888888887
8 0.7451171875 0.7161527777777779 0.01968750000000008 0.05761111111111106
8 0.6298828125 0.313375 0.018187500000000023 0.04416666666666666
9 0.6103515625 0.313375 0.016664062499999854 0.045541666666666716
9 0.593265625 0.3142361111111111 0.017382812499999956 0.04527777777777785
1 0.6484375 0.3140138888888889 0.013218750000000057 0.041805555555555624
7 0.703125 0.7215972222222222 0.0234375 0.07098611111111097