6 0.7543984375 0.7217916666666668 0.01799218749999998 0.05319444444444442
6 0.64453125 0.3335555555555556 0.017718750000000005 0.04416666666666666
0 0.810546875 0.7178888888888889 0.0198359374999999 0.052222222222222094
5 0.6787109375 0.3335555555555556 0.015539062500000034 0.04291666666666662
5 0.7919921875 0.7196250000000001 0.017851562499999973 0.052222222222222094
6 0.6626015625 0.3335555555555556 0.018429687499999847 0.043513888888888824
3 0.771484375 0.7204861111111112 0.018507812499999998 0.052111111111111046
6 0.736328125 0.7230972222222223 0.01953125 0.05311111111111108
9 0.5888671875 0.3350694444444444 0.01791406250000005 0.04502777777777774
8 0.607421875 0.3350694444444444 0.017773437500000044 0.04431944444444448
8 0.6953125 0.7243888888888889 0.01937499999999992 0.05444444444444447
9 0.714359375 0.7230972222222223 0.018984375000000053 0.05311111111111108
7 0.6743203125 0.726125 0.016921874999999975 0.053416666666666716
9 0.569828125 0.3352916666666667 0.017851562499999973 0.045708333333333385
1 0.6254921875 0.3342083333333334 0.012726562499999927 0.041805555555555624