6 0.714359375 0.7443611111111113 0.01847656250000007 0.052111111111111046
5 0.6469765625 0.3650138888888889 0.01578125000000008 0.04300000000000005
5 0.751953125 0.7413194444444444 0.01724218749999995 0.05045833333333327
3 0.7309609375 0.7421944444444445 0.017851562499999973 0.0506388888888889
6 0.630375 0.36588888888888893 0.01839843749999992 0.04359722222222216
6 0.612796875 0.36697222222222226 0.01578125000000008 0.04300000000000005
0 0.771 0.7400138888888889 0.020062500000000094 0.052222222222222094
9 0.5571328125 0.3704444444444445 0.016843750000000046 0.042430555555555555
8 0.6533203125 0.7478333333333335 0.0192734375000001 0.05433333333333322
8 0.5756875 0.3695694444444444 0.017515625000000146 0.04274999999999994
9 0.6743203125 0.7460972222222223 0.018828124999999973 0.05230555555555563
7 0.6337890625 0.7495694444444445 0.017101562500000167 0.05259722222222211
9 0.538578125 0.37130555555555556 0.017046874999999906 0.04291666666666662
6 0.6953125 0.7447916666666666 0.01724218749999995 0.052
1 0.59375 0.3684861111111111 0.01238281249999984 0.03993055555555555