9 0.5966796875 0.7677916666666667 0.017382812499999956 0.0495000000000001
5 0.67334375 0.7630277777777779 0.018156250000000096 0.04877777777777759
9 0.4973125 0.4166666666666667 0.016101562499999944 0.040930555555555595
3 0.6533203125 0.7638888888888888 0.018539062499999925 0.04812500000000005
5 0.583984375 0.407125 0.014554687499999996 0.039166666666666766
6 0.5517578125 0.4099444444444445 0.01724218749999995 0.041888888888888864
8 0.515140625 0.41450000000000004 0.015898437499999973 0.04084722222222216
6 0.6176796875 0.7660555555555555 0.018507812499999998 0.050374999999999934
8 0.578125 0.7686666666666668 0.018539062499999925 0.051222222222222454
9 0.479984375 0.41775 0.0163437500000001 0.04123611111111122
6 0.6372109375 0.7647638888888889 0.018984375000000053 0.050069444444444305
6 0.568359375 0.4084166666666667 0.01678124999999997 0.04172222222222219
7 0.5590859375 0.7704027777777779 0.016843750000000046 0.04912499999999989
0 0.692875 0.7604166666666666 0.01847656250000007 0.048319444444444436
1 0.53271875 0.4123333333333334 0.01040624999999995 0.036777777777777826