5 0.417484375 0.47438888888888886 0.01513281249999987 0.03856944444444446
6 0.401859375 0.4739583333333333 0.016726562500000042 0.03887500000000009
3 0.8520546875000001 0.5052083333333334 0.014835937499999785 0.03791666666666652
4 0.452640625 0.4748333333333334 0.016843749999999935 0.03791666666666652
1 0.865234375 0.5017361111111112 0.011828124999999856 0.0358055555555556
5 0.383546875 0.4730972222222223 0.015132812499999981 0.03955555555555554
9 0.4692421875 0.4739583333333333 0.015671875000000002 0.038486111111111124
2 0.8813515625000001 0.5008750000000001 0.017851562499999973 0.03870833333333342
0 0.8388671875 0.5069444444444444 0.016921874999999975 0.03836111111111112
7 0.435546875 0.47352777777777777 0.014499999999999957 0.037055555555555446
4 0.8247109375000001 0.5086805555555556 0.0149531249999999 0.03713888888888898