5 0.3837890625 0.4800416666666667 0.015132812499999981 0.038958333333333234
3 0.8212890625 0.5043472222222223 0.015429687499999956 0.03784722222222214
6 0.366703125 0.4800416666666667 0.017382812499999956 0.040222222222222236
1 0.8369140625 0.5004305555555555 0.01238281249999984 0.03554166666666663
9 0.4338359375 0.47959722222222223 0.016101562499999944 0.03930555555555553
2 0.8520546875000001 0.4982638888888889 0.017640624999999854 0.03836111111111112
5 0.3493671875 0.4800416666666667 0.016664062500000076 0.040152777777777655
0 0.8090859375000001 0.5060833333333333 0.016664062499999854 0.03856944444444446
4 0.4184609375 0.4800416666666667 0.017382812499999956 0.03870833333333342
7 0.4006328125 0.4800416666666667 0.015132812499999981 0.03754166666666671
4 0.794921875 0.507375 0.015718750000000004 0.03805555555555548