5 0.352296875 0.48220833333333335 0.01518750000000002 0.038444444444444455
6 0.3356953125 0.48306944444444444 0.017101562499999945 0.03947222222222221
3 0.792484375 0.4991388888888889 0.014789062500000005 0.03784722222222214
2 0.82421875 0.4930555555555556 0.017304687500000027 0.03870833333333342
4 0.38671875 0.48220833333333335 0.016921874999999975 0.03683333333333335
1 0.8090859375000001 0.4947916666666667 0.013218750000000057 0.03572222222222226
5 0.31957812500000005 0.48306944444444444 0.015429687499999956 0.03938888888888887
9 0.4028359375 0.48133333333333334 0.015601562499999999 0.03887500000000009
0 0.7797890625 0.5013055555555556 0.01698437500000005 0.037972222222222345
7 0.3701171875 0.48220833333333335 0.014554687499999996 0.036486111111111046
4 0.7646484375 0.5030416666666667 0.01513281249999987 0.03683333333333335