5 0.305421875 0.48741666666666666 0.014671875000000001 0.03762500000000005
6 0.2895546875 0.48827777777777776 0.016101562500000055 0.03870833333333342
3 0.749515625 0.4869861111111111 0.015078125000000053 0.03770833333333338
4 0.3388671875 0.48525 0.016585937500000036 0.03748611111111108
5 0.2724609375 0.4887222222222223 0.015539062500000034 0.038958333333333234
0 0.7353515625 0.49001388888888886 0.016406249999999956 0.03819444444444445
9 0.354984375 0.48480555555555555 0.016023437500000015 0.04001388888888889
1 0.7666015625 0.48220833333333335 0.013843749999999932 0.03727777777777774
7 0.32250781250000005 0.48654166666666665 0.014835937500000007 0.03670833333333334
2 0.7822265625 0.4800416666666667 0.017851562499999973 0.03955555555555554
4 0.7197265625 0.49262500000000004 0.01513281249999987 0.03748611111111108