6 0.2712421875 0.49262500000000004 0.017046875000000017 0.03930555555555553
5 0.287109375 0.49174999999999996 0.014898437500000083 0.03791666666666652
1 0.7490234375 0.4774305555555556 0.012726562499999927 0.03770833333333338
4 0.3200703125 0.4887222222222223 0.01652343749999996 0.037055555555555446
3 0.7333984375 0.48220833333333335 0.015304687500000025 0.04001388888888889
9 0.335453125 0.4878472222222222 0.01578125000000008 0.03887500000000009
0 0.7172890625 0.48568055555555556 0.01724218749999995 0.03955555555555554
5 0.2541484375 0.49436111111111114 0.015718750000000004 0.03865277777777779
2 0.7646484375 0.47438888888888886 0.01724218749999995 0.040388888888888905
7 0.30395312500000005 0.49001388888888886 0.014617187500000073 0.036486111111111046
4 0.7016640625 0.48915277777777777 0.014789062500000005 0.03813888888888902