5 0.27221875 0.4974027777777778 0.014953125000000012 0.037763888888889006
6 0.2561015625 0.49869444444444444 0.016406249999999983 0.039083333333333234
3 0.7172890625 0.47959722222222223 0.015429687499999956 0.040388888888888905
1 0.7333984375 0.4748333333333334 0.013585937500000034 0.03984722222222222
5 0.2398671875 0.49956944444444445 0.015539062499999978 0.03819444444444445
0 0.701171875 0.48306944444444444 0.017640624999999854 0.03984722222222222
2 0.749515625 0.47091666666666665 0.01791406250000005 0.04115277777777769
9 0.3200703125 0.49174999999999996 0.015249999999999986 0.03870833333333342
7 0.2890625 0.4947916666666667 0.014226562499999984 0.036347222222222086
4 0.306640625 0.4939305555555556 0.020796875000000048 0.03887500000000009
4 0.6850625 0.4869861111111111 0.01578125000000008 0.038958333333333234