5 0.2622109375 0.5039027777777778 0.014953125000000012 0.038486111111111124
6 0.2469453125 0.5052083333333334 0.016523437499999988 0.03947222222222221
3 0.70459375 0.4791666666666667 0.015718750000000004 0.04101388888888893
4 0.2941875 0.49956944444444445 0.016156249999999983 0.03784722222222214
0 0.6899453125 0.4826388888888889 0.017578125 0.040152777777777655
1 0.7231484375 0.4722222222222222 0.013585937500000034 0.03865277777777779
2 0.7387734375 0.46918055555555555 0.018234375000000025 0.04123611111111122
5 0.2301015625 0.5069444444444444 0.01518750000000002 0.03984722222222222
9 0.309328125 0.49783333333333335 0.015249999999999986 0.03930555555555553
7 0.2788125 0.5013055555555556 0.014617187500000073 0.03629166666666666
4 0.673828125 0.4861111111111111 0.01578125000000008 0.03924999999999991