5 0.2541484375 0.5112916666666667 0.014007812499999939 0.038444444444444455
6 0.23864843750000003 0.5134583333333333 0.016156249999999983 0.039013888888888855
3 0.694828125 0.4800416666666667 0.014617187500000073 0.04084722222222226
4 0.2849140625 0.5069444444444444 0.015484374999999995 0.03734722222222212
0 0.6801796875 0.4835138888888889 0.017101562500000167 0.04131944444444437
1 0.712890625 0.47352777777777777 0.013171874999999833 0.03930555555555553
5 0.22302343750000003 0.5151944444444445 0.01395312500000001 0.03819444444444445
7 0.2705078125 0.5091111111111111 0.014226562499999984 0.036486111111111046
9 0.3012734375 0.5060833333333333 0.015015624999999977 0.039013888888888855
2 0.7294921875 0.469625 0.01799218749999998 0.042347222222222314
4 0.663578125 0.48741666666666666 0.014953125000000123 0.039166666666666766