5 0.2496328125 0.5151944444444445 0.013796874999999986 0.03734722222222212
6 0.2340078125 0.5173611111111112 0.015429687500000011 0.03762500000000005
4 0.28003125 0.5099861111111111 0.015484374999999995 0.03697222222222231
3 0.68896875 0.4756944444444444 0.015015624999999977 0.04001388888888889
5 0.21887500000000004 0.5190972222222222 0.01439062499999999 0.039083333333333234
0 0.6743203125 0.4800416666666667 0.017179687500000096 0.04077777777777788
9 0.2951640625 0.5086805555555556 0.014617187500000073 0.039083333333333234
1 0.7080078125 0.46875 0.013374999999999915 0.038486111111111124
2 0.724125 0.46484722222222224 0.017718750000000005 0.041069444444444554
7 0.2653828125 0.5121527777777778 0.013742187500000003 0.03620833333333332
4 0.6572265625 0.484375 0.015898437499999973 0.04001388888888889