5 0.24658593750000002 0.5160555555555555 0.013023437499999985 0.03740277777777775
6 0.2314453125 0.5186666666666667 0.01536718749999999 0.03836111111111112
3 0.6821328125 0.4704861111111111 0.015429687499999956 0.04001388888888889
5 0.2158203125 0.5199722222222223 0.014007812499999939 0.03879166666666656
2 0.7177734375 0.4592083333333334 0.017718750000000005 0.041888888888888816
1 0.701171875 0.46311111111111114 0.013484374999999993 0.03865277777777779
7 0.2622109375 0.5130277777777779 0.012624999999999997 0.03554166666666663
0 0.6669921875 0.47526388888888893 0.01678124999999997 0.04084722222222226
4 0.276125 0.5104166666666666 0.015429687499999956 0.03748611111111108
9 0.291015625 0.5091111111111111 0.014898437500000083 0.03887500000000009
4 0.650390625 0.47873611111111114 0.01560156250000011 0.039680555555555545