5 0.24365625000000002 0.5138888888888888 0.01332812499999994 0.03754166666666671
6 0.228515625 0.5173611111111112 0.015781250000000024 0.03865277777777779
3 0.6796875 0.46137500000000004 0.015429687499999956 0.04077777777777783
4 0.2731953125 0.5086805555555556 0.014898437500000083 0.03697222222222231
6 0.21374218749999999 0.5195277777777778 0.014117187500000017 0.03879166666666656
7 0.25903125 0.5108472222222222 0.013328124999999913 0.03566666666666664
1 0.698734375 0.454 0.013632812500000036 0.039680555555555594
0 0.6640625 0.4670138888888889 0.017382812499999956 0.0406111111111112
9 0.2888203125 0.5069444444444444 0.013484374999999993 0.03930555555555553
2 0.7158203125 0.4505277777777778 0.018054687499999833 0.04266666666666671
4 0.646484375 0.47179166666666666 0.01560156250000011 0.03984722222222222