5 0.20959375 0.5173611111111112 0.013898437499999972 0.038486111111111124
6 0.2242421875 0.5151944444444445 0.015429687500000011 0.039083333333333234
5 0.23840625000000004 0.5121527777777778 0.013273437499999985 0.03784722222222214
3 0.673828125 0.4522638888888889 0.015187500000000131 0.04147222222222228
4 0.2678203125 0.5052083333333334 0.015718750000000004 0.03748611111111108
0 0.658203125 0.4574722222222223 0.017718750000000005 0.041388888888888795
1 0.693359375 0.44379166666666664 0.013796875000000153 0.04015277777777775
9 0.281984375 0.5034722222222222 0.014617187500000073 0.039638888888888876
2 0.710453125 0.43901388888888887 0.018828124999999973 0.043083333333333286
7 0.2536640625 0.5086805555555556 0.013531250000000022 0.03629166666666666
4 0.6411171875 0.4626805555555556 0.01698437500000005 0.04047222222222224