5 0.22595312500000003 0.5069444444444444 0.014499999999999957 0.039680555555555545
6 0.21178906249999999 0.5104166666666666 0.016023437500000015 0.03984722222222222
3 0.662109375 0.43988888888888894 0.01596093750000005 0.04195833333333335
1 0.681640625 0.4312083333333334 0.012726562499999927 0.039680555555555594
4 0.2548828125 0.5008750000000001 0.01536718749999999 0.03887500000000009
0 0.646 0.4461805555555556 0.01799218749999998 0.042513888888888934
7 0.24096875 0.5039027777777778 0.014671875000000001 0.03748611111111108
5 0.1970234375 0.5134583333333333 0.014117187500000017 0.03879166666666656
2 0.698734375 0.4270833333333333 0.01837500000000003 0.04443055555555553
9 0.2692890625 0.4982638888888889 0.014171874999999945 0.040152777777777655
4 0.628421875 0.4505277777777778 0.016726562500000153 0.04195833333333335