6 0.19714062499999999 0.50825 0.015718750000000004 0.0406111111111112
5 0.18274218750000001 0.5121527777777778 0.014007812499999994 0.038444444444444455
5 0.21142968750000002 0.5056388888888889 0.014554687499999996 0.039166666666666766
3 0.6494140625 0.4299027777777778 0.01596093750000005 0.043263888888888866
4 0.2398671875 0.49783333333333335 0.01548437500000005 0.03819444444444445
9 0.25390625 0.49522222222222223 0.014007812499999939 0.039638888888888876
0 0.632328125 0.4357638888888889 0.018585937499999927 0.042916666666666665
2 0.6865234375 0.4158055555555556 0.01919531249999995 0.04536111111111109
7 0.2263203125 0.5013055555555556 0.013796874999999986 0.037055555555555446
1 0.6684609375 0.42144444444444445 0.01513281249999987 0.043083333333333286
4 0.6142578125 0.44140277777777776 0.01652343750000007 0.041638888888888906