5 0.18078906250000001 0.5078194444444445 0.013898437500000027 0.04047222222222224
5 0.20885937499999999 0.5004305555555555 0.013687499999999964 0.037763888888889006
3 0.644046875 0.42079166666666673 0.016460937499999995 0.04334722222222225
0 0.6279296875 0.4270833333333333 0.018234375000000025 0.04359722222222216
6 0.19470312500000003 0.5047777777777778 0.014453125000000011 0.03924999999999991
9 0.2502421875 0.4904583333333334 0.014226562500000012 0.039013888888888855
4 0.2370625 0.4930555555555556 0.013843750000000044 0.03643055555555562
1 0.6640625 0.4116805555555556 0.014554687499999996 0.04266666666666671
7 0.223265625 0.49609722222222224 0.013429687500000065 0.035319444444444334
2 0.681640625 0.40690277777777784 0.019500000000000073 0.04695833333333324
4 0.608890625 0.432513888888889 0.01596093750000005 0.04101388888888888