5 0.17407031250000002 0.5021666666666667 0.014554687499999996 0.04030555555555557
5 0.20166406250000002 0.49522222222222223 0.013023437500000012 0.03865277777777779
3 0.6337890625 0.40906944444444443 0.01652343750000007 0.044319444444444384
7 0.2165546875 0.49001388888888886 0.013273437499999985 0.03691666666666668
0 0.616703125 0.4155833333333334 0.018796875000000046 0.04443055555555553
4 0.22936718749999999 0.48654166666666665 0.015015625000000032 0.03836111111111112
1 0.6533203125 0.3993055555555556 0.01433593749999984 0.04334722222222225
6 0.18860156250000001 0.49869444444444444 0.014953125000000012 0.040222222222222236
9 0.242921875 0.484375 0.014281249999999995 0.04077777777777788
2 0.6704140625 0.3940972222222222 0.01971093749999997 0.04730555555555544
4 0.59765625 0.4220972222222223 0.016156250000000094 0.04351388888888893