5 0.16809375000000001 0.5008750000000001 0.013796875000000042 0.03819444444444445
3 0.6162109375 0.401263888888889 0.015718750000000004 0.04511111111111118
5 0.194703125 0.49262500000000004 0.012867187499999988 0.03762500000000005
1 0.6357421875 0.3910555555555556 0.013687500000000075 0.04351388888888893
0 0.6001015625 0.40776388888888887 0.01791406250000005 0.04443055555555553
2 0.6538125 0.38498611111111114 0.01937499999999992 0.0476666666666667
6 0.181640625 0.4974027777777778 0.014171875 0.03827777777777778
9 0.23389062500000002 0.4826388888888889 0.014335937500000007 0.04069444444444434
4 0.5810546875 0.41384722222222226 0.01652343750000007 0.043083333333333286
7 0.20703125 0.4878472222222222 0.015625 0.040972222222222264
4 0.22119531250000002 0.48394444444444445 0.012671874999999999 0.03586111111111122