7 0.1976328125 0.48915277777777777 0.013124999999999998 0.03670833333333334
4 0.21008593750000004 0.48480555555555555 0.014835937500000007 0.037763888888889006
5 0.15771875000000002 0.5017361111111112 0.014226562499999984 0.03924999999999991
5 0.18383593750000002 0.4939305555555556 0.012148437499999998 0.03762500000000005
6 0.17114062500000002 0.49869444444444444 0.014835937500000007 0.03947222222222221
3 0.6059609375 0.39779166666666677 0.015718750000000004 0.044680555555555536
1 0.6254921875 0.3882361111111111 0.013687500000000075 0.04326388888888882
2 0.6450234375 0.38086111111111115 0.018828124999999973 0.04820833333333338
0 0.589359375 0.4047361111111112 0.018156250000000096 0.04383333333333322
4 0.5703125 0.4116805555555556 0.01652343750000007 0.0436805555555556
9 0.223390625 0.4826388888888889 0.014062499999999978 0.04001388888888889