5 0.15051562500000001 0.5 0.013484374999999993 0.039166666666666766
5 0.176515625 0.4921944444444445 0.012531249999999994 0.03865277777777779
4 0.2033828125 0.48519444444444443 0.013375000000000026 0.037972222222222345
3 0.599609375 0.3917083333333333 0.016460937499999995 0.04641666666666665
1 0.61865625 0.38129166666666664 0.013125000000000053 0.04343055555555549
7 0.18994531250000002 0.48741666666666666 0.012624999999999997 0.03677777777777772
0 0.5825234375 0.4003888888888889 0.018265625000000174 0.046138888888888924
9 0.21569531249999999 0.48047222222222224 0.014062499999999978 0.041069444444444554
2 0.6376953125 0.3743472222222222 0.01930468750000003 0.04877777777777778
6 0.16321093750000001 0.49695833333333334 0.014734375000000022 0.03740277777777775
4 0.5634765625 0.40625 0.01652343750000007 0.044597222222222205