4 0.20166406250000002 0.4809027777777778 0.014117187500000017 0.03813888888888902
5 0.150265625 0.49783333333333335 0.013531249999999995 0.03930555555555553
5 0.1761484375 0.49001388888888886 0.012101562499999996 0.03856944444444446
7 0.1904140625 0.48550000000000004 0.015132812499999981 0.04011111111111118
3 0.599125 0.3854166666666667 0.017179687500000096 0.046680555555555614
1 0.61865625 0.3760833333333333 0.013632812500000036 0.04391666666666665
4 0.5625 0.401263888888889 0.017046874999999906 0.04536111111111109
6 0.1631953125 0.4924722222222222 0.014539062500000033 0.04304166666666672
0 0.58203125 0.39475000000000005 0.01901562499999998 0.04536111111111109
2 0.6376953125 0.3689305555555556 0.01937499999999992 0.0489305555555556
9 0.21471874999999999 0.4783055555555556 0.013843750000000044 0.040930555555555595