5 0.15637500000000001 0.4895833333333333 0.013328125000000024 0.03976388888888888
4 0.2086171875 0.47352777777777777 0.015671874999999946 0.03993055555555555
6 0.16955468750000002 0.48654166666666665 0.014671875000000001 0.03947222222222221
3 0.603515625 0.3776111111111111 0.016156250000000094 0.04641666666666665
5 0.18285937500000002 0.48220833333333335 0.013273437499999985 0.03938888888888887
0 0.5869140625 0.3836805555555556 0.018617187499999854 0.04519444444444441
1 0.6240234375 0.3654583333333334 0.013898437499999972 0.044680555555555536
2 0.642578125 0.3585138888888889 0.01968750000000008 0.048666666666666636
7 0.19580468750000002 0.4765694444444445 0.013273437499999985 0.03734722222222212
4 0.5673828125 0.3910555555555556 0.016101562499999833 0.04491666666666669
9 0.22082812500000004 0.47005555555555556 0.014117187500000017 0.040388888888888905