4 0.21399218750000004 0.46744444444444444 0.014335937500000007 0.03865277777777779
5 0.16223437500000001 0.48525 0.012867187499999988 0.04030555555555557
6 0.17529687500000002 0.4809027777777778 0.015078124999999998 0.04101388888888893
3 0.608890625 0.3697916666666667 0.01578125000000008 0.044680555555555536
5 0.18860156250000001 0.47786111111111107 0.013124999999999998 0.039013888888888855
0 0.591796875 0.3786944444444445 0.018796875000000046 0.04536111111111109
7 0.20178125 0.4722222222222222 0.01277343750000004 0.03683333333333335
4 0.5727578125 0.3851944444444444 0.017046874999999906 0.04491666666666669
9 0.22680468750000002 0.46484722222222224 0.013796874999999986 0.04030555555555557
1 0.6293984375 0.35915277777777777 0.014789062500000005 0.044763888888888874
2 0.6474609375 0.35265277777777776 0.019421874999999922 0.04877777777777778