7 0.20397656249999999 0.4704861111111111 0.012429687500000008 0.03608333333333332
4 0.2158203125 0.4661527777777778 0.014062499999999978 0.03836111111111112
6 0.17822656250000002 0.4800416666666667 0.014617187499999962 0.038444444444444455
5 0.16516406250000001 0.48306944444444444 0.012624999999999997 0.04006944444444452
5 0.1898203125 0.47612499999999996 0.012671874999999999 0.03805555555555548
3 0.611328125 0.3678333333333333 0.016023437499999904 0.045791666666666724
4 0.5751953125 0.38216666666666677 0.017101562500000167 0.044763888888888874
1 0.632328125 0.35568055555555556 0.014453124999999956 0.04491666666666669
0 0.5942421875 0.3760833333333333 0.019085937500000094 0.04536111111111109
9 0.22936718749999999 0.46311111111111114 0.014007812499999939 0.041069444444444554
2 0.64990625 0.3498333333333334 0.01945312500000007 0.04904166666666665