6 0.5068359375 0.4220972222222223 0.01652343750000007 0.04115277777777779
5 0.52490625 0.42338888888888887 0.014898437499999861 0.040222222222222236
5 0.48828125 0.41991666666666666 0.015015624999999977 0.04218055555555554
7 0.5419921875 0.42491666666666666 0.014281250000000023 0.03947222222222221
4 0.5610390625 0.426861111111111 0.01578125000000008 0.03963888888888883
2 0.98853125 0.4861111111111111 0.02012500000000017 0.03770833333333338
9 0.578125 0.42773611111111115 0.016023437499999904 0.041805555555555624
1 0.9755312500000001 0.4878472222222222 0.015546875000000071 0.03865277777777779
4 0.9360390625000001 0.4895833333333333 0.016406249999999956 0.03870833333333342
3 0.9610156249999999 0.48827777777777776 0.01796093749999983 0.03930555555555553
0 0.9478046875000001 0.48769444444444443 0.017437500000000217 0.04515277777777785