6 0.483890625 0.43901388888888887 0.016406249999999956 0.03984722222222232
0 0.9111328125 0.49436111111111114 0.0163437500000001 0.03748611111111108
5 0.5004921875 0.4403194444444444 0.014117187499999906 0.038569444444444406
2 0.951171875 0.49001388888888886 0.017718749999999783 0.03813888888888902
3 0.9228515625 0.4930555555555556 0.015960937499999828 0.037055555555555446
7 0.517578125 0.4411944444444445 0.014117187499999906 0.03713888888888893
4 0.53515625 0.4424861111111111 0.015484374999999995 0.03784722222222224
5 0.4653359375 0.43793055555555566 0.014953125000000123 0.03938888888888892
9 0.5517578125 0.4431388888888889 0.014226562499999984 0.03870833333333332
1 0.9370156250000001 0.49001388888888886 0.01257031250000007 0.03620833333333332
4 0.8984375 0.49609722222222224 0.014171874999999945 0.03697222222222231