5 0.4770546875 0.4505277777777778 0.015078124999999942 0.039013888888888903
3 0.9018593750000001 0.4956666666666667 0.01433593749999984 0.03629166666666666
6 0.4599609375 0.4505277777777778 0.014835937500000007 0.03984722222222227
2 0.9301796875000001 0.49174999999999996 0.016406249999999956 0.03734722222222212
5 0.442625 0.4479166666666667 0.014554687500000107 0.04001388888888884
4 0.5122109375 0.45181944444444444 0.016406249999999956 0.037763888888889006
7 0.4946328125 0.4505277777777778 0.014953125000000123 0.03754166666666666
9 0.5288125 0.45181944444444444 0.014554687499999996 0.03819444444444445
0 0.8896484375 0.4974027777777778 0.015484375000000217 0.03748611111111108
1 0.91796875 0.4930555555555556 0.015187500000000131 0.03572222222222226
4 0.8774453125000001 0.4991388888888889 0.014898437500000083 0.03670833333333334