2 0.3544921875 0.2119166666666667 0.01678124999999997 0.040388888888888884
2 0.5634765625 0.5985277777777778 0.018585937499999927 0.054111111111111124
2 0.5434609375 0.6041666666666666 0.017437499999999995 0.050833333333333286
7 0.3200703125 0.21906944444444443 0.014789062500000005 0.03908333333333333
2 0.505375 0.6189305555555555 0.01809375000000002 0.05251388888888878
0 0.3376484375 0.21516666666666662 0.016921874999999975 0.03908333333333331
7 0.5239296875 0.6111111111111112 0.017382812499999956 0.053597222222222345
0 0.30200000000000005 0.2226527777777778 0.016843749999999935 0.04001388888888889
8 0.5844765625 0.5898472222222222 0.020140625000000023 0.05495833333333344
9 0.37231250000000005 0.20898611111111112 0.01698437500000005 0.04315277777777777
6 0.2856484375 0.22656944444444443 0.017515624999999924 0.04106944444444446