7 0.29565625 0.22125 0.014734374999999966 0.03908333333333331
6 0.2619609375 0.22743055555555555 0.018054687500000055 0.042430555555555555
9 0.347171875 0.21050000000000002 0.016843749999999935 0.043000000000000003
2 0.5107421875 0.6024305555555556 0.018539062499999925 0.052222222222222295
2 0.530765625 0.5967916666666667 0.01893750000000005 0.05251388888888897
8 0.55225 0.5889722222222223 0.02092187499999998 0.05515277777777783
0 0.31371875000000005 0.21669444444444444 0.016921874999999975 0.03916666666666665
0 0.2778359375 0.22483333333333333 0.016101562500000055 0.039680555555555545
7 0.49194531250000006 0.6102500000000001 0.01893750000000005 0.05495833333333344
2 0.3291015625 0.2137638888888889 0.016460937499999995 0.0401527777777778
2 0.47265625 0.6158888888888889 0.01968750000000008 0.053597222222222345