2 0.288328125 0.20756944444444445 0.017179687499999985 0.04138888888888892
2 0.48217968750000006 0.5911527777777779 0.01968750000000008 0.053527777777777764
2 0.46215625 0.5985277777777778 0.018539062500000036 0.05230555555555543
7 0.44311718750000006 0.6045972222222223 0.017851562499999973 0.054013888888888834
7 0.2548828125 0.21538888888888894 0.01536718749999999 0.03916666666666667
2 0.423828125 0.6115416666666668 0.01839843749999992 0.052222222222222295
0 0.2724609375 0.2111527777777778 0.017437499999999995 0.039638888888888925
8 0.5043984375 0.5829027777777778 0.019640625000000078 0.05290277777777774
6 0.2213125 0.2226527777777778 0.01764062500000002 0.04218055555555554
0 0.23717968749999999 0.21875 0.016726562499999986 0.040472222222222215
9 0.30615625 0.20443055555555556 0.018054687500000055 0.043833333333333314