2 0.4208984375 0.5941805555555556 0.02092187499999998 0.05444444444444447
7 0.38159375 0.6076388888888888 0.01978906250000001 0.05495833333333344
2 0.4006328125 0.6011250000000001 0.020218750000000063 0.05311111111111108
2 0.23620312499999999 0.20648611111111106 0.01771874999999995 0.041013888888888905
7 0.203859375 0.21484722222222224 0.01634374999999999 0.03908333333333333
2 0.3620625 0.6141527777777778 0.01968750000000008 0.053527777777777764
0 0.220703125 0.2111527777777778 0.01743750000000005 0.04022222222222219
8 0.443359375 0.5859444444444445 0.02092187499999998 0.05504166666666658
0 0.1853046875 0.21875 0.01777343749999999 0.04101388888888883
9 0.25390625 0.20334722222222223 0.018187499999999995 0.04400000000000004
6 0.169796875 0.2226527777777778 0.01809375000000002 0.04226388888888888