2 0.187375 0.21331944444444448 0.017437499999999995 0.040777777777777774
2 0.340578125 0.609375 0.019164062500000023 0.05319444444444442
2 0.359375 0.6037361111111111 0.020523437499999964 0.052819444444444405
7 0.15453906250000002 0.22125000000000003 0.015671875000000002 0.03930555555555558
2 0.3017578125 0.6232638888888888 0.018874999999999975 0.05230555555555543
6 0.12085156250000001 0.22873611111111114 0.018265625000000008 0.043347222222222176
8 0.3833046875 0.5946250000000001 0.02092187499999998 0.05433333333333342
0 0.17139062500000002 0.21690277777777775 0.017437499999999995 0.039763888888888856
0 0.13696093750000002 0.22569444444444445 0.01777343749999999 0.04106944444444446
7 0.323046875 0.6145833333333334 0.020210937500000026 0.06011111111111115
9 0.2048359375 0.21006944444444445 0.0180546875 0.04408333333333333