2 0.14453125 0.21843055555555557 0.01777343749999999 0.04226388888888893
2 0.30981250000000005 0.6119861111111111 0.019164062500000023 0.054638888888888855
2 0.2890625 0.6189305555555555 0.018765625000000008 0.05240277777777772
7 0.112609375 0.22634722222222223 0.016023437499999987 0.03984722222222222
6 0.0792265625 0.23459722222222223 0.018476562500000016 0.04359722222222219
7 0.2705078125 0.625 0.018507812499999998 0.0537083333333332
2 0.25 0.6323750000000001 0.018343749999999992 0.052222222222222295
0 0.12878125 0.22244444444444447 0.017578125 0.040305555555555546
8 0.331546875 0.6041666666666666 0.018828124999999973 0.05495833333333344
0 0.09466406250000002 0.23155555555555557 0.018125000000000002 0.041236111111111126
9 0.16137500000000002 0.214625 0.01945312499999996 0.04484722222222226