2 0.10796875 0.2204861111111111 0.017914062499999994 0.04266666666666671
2 0.2626953125 0.6189305555555555 0.020601562500000004 0.0556666666666668
2 0.24328906250000004 0.6245694444444445 0.018765625000000008 0.053597222222222345
7 0.22485156250000002 0.6302083333333334 0.01764062500000002 0.054111111111111124
7 0.07696875 0.22830555555555554 0.016523437500000016 0.04015277777777783
6 0.04385156250000001 0.2369861111111111 0.018875000000000003 0.04368055555555553
2 0.20397656249999999 0.6380277777777779 0.018695312500000005 0.0537083333333332
8 0.2856484375 0.6106805555555556 0.018765625000000008 0.05555555555555555
9 0.12347656250000001 0.21647222222222226 0.019164062499999995 0.04511111111111115
0 0.09253125000000001 0.22395833333333334 0.017437499999999995 0.04069444444444444
0 0.059109375 0.2326388888888889 0.01818750000000001 0.04195833333333332