2 0.22510156250000002 0.6202222222222223 0.019640624999999967 0.05452777777777781
2 0.08092968750000001 0.2195138888888889 0.017179687500000013 0.04283333333333333
7 0.18701562500000002 0.6323750000000001 0.01927343749999999 0.05504166666666658
2 0.2048359375 0.6267361111111112 0.019085937499999983 0.05381944444444445
6 0.0173828125 0.23588888888888893 0.0174375 0.041722222222222265
7 0.0503203125 0.22720833333333335 0.01628125000000001 0.040305555555555546
2 0.1669921875 0.6388888888888888 0.01823437499999997 0.0537083333333332
8 0.2469453125 0.6119861111111111 0.01890625000000004 0.05620833333333329
0 0.0329609375 0.23177777777777775 0.018234375000000008 0.04204166666666666
9 0.09600781250000001 0.21581944444444445 0.018093749999999992 0.04502777777777779
0 0.065734375 0.2230972222222222 0.0178515625 0.041722222222222265