2 0.20325000000000004 0.6180555555555556 0.018429687500000014 0.053527777777777764
2 0.2224140625 0.6115416666666668 0.01983593750000001 0.05504166666666658
7 0.18481250000000002 0.6232638888888888 0.01799218749999998 0.05393055555555569
2 0.08404687500000001 0.21223611111111113 0.019015625000000008 0.044680555555555584
7 0.053101562500000005 0.22080555555555556 0.015484374999999995 0.04006944444444449
2 0.16467187500000002 0.6302083333333334 0.017914062499999994 0.05230555555555543
8 0.244140625 0.6045972222222223 0.01826562499999998 0.05393055555555569
0 0.035953125 0.22504166666666667 0.0171015625 0.04101388888888893
0 0.068296875 0.21615277777777778 0.017382812500000004 0.04147222222222223
9 0.0985703125 0.2094166666666667 0.0173046875 0.04519444444444446
6 0.020499999999999997 0.22870833333333332 0.020289062499999996 0.04513888888888889