2 0.21533593750000002 0.6154583333333333 0.01777343749999999 0.05191666666666666
2 0.234375 0.6098055555555556 0.01764062500000002 0.05319444444444442
2 0.10034375000000001 0.21354166666666666 0.015781249999999997 0.03976388888888888
7 0.07092187500000001 0.22125000000000003 0.014453125000000011 0.03805555555555554
6 0.039640625000000006 0.22851388888888888 0.01678125000000001 0.04163888888888893
7 0.1976328125 0.6210972222222222 0.016664062499999965 0.05191666666666666
2 0.177609375 0.6276111111111111 0.01684374999999999 0.051513888888888935
0 0.08569531250000001 0.21712500000000004 0.015960937499999994 0.03887499999999999
8 0.2548828125 0.6028611111111112 0.016984375000000024 0.05290277777777774
0 0.054203125 0.2252638888888889 0.016585937499999995 0.040472222222222215
9 0.11596875000000001 0.21050000000000002 0.01640625000000001 0.04351388888888888