7 0.36084375 0.13877777777777778 0.016585937500000036 0.04155555555555552
0 0.341796875 0.1405138888888889 0.019085937499999983 0.04359722222222226
6 0.323 0.1436666666666667 0.01930468750000003 0.04554166666666667
3 0.6519296875 0.5460138888888889 0.024812499999999904 0.05515277777777783
0 0.38159375 0.13509722222222223 0.019054687499999945 0.041805555555555526
8 0.671875 0.536888888888889 0.02132812499999992 0.05555555555555555
9 0.41967968750000006 0.13151388888888887 0.0182968750000001 0.045194444444444454
3 0.633 0.5529583333333333 0.022499999999999964 0.053416666666666716
2 0.3994140625 0.13336111111111112 0.017640624999999965 0.043083333333333335
2 0.5943125 0.5696388888888889 0.025179687500000103 0.0549722222222222
7 0.6098671875 0.5616388888888889 0.017304687500000027 0.05652777777777788