6 0.065 0.22438888888888892 0.01652343750000001 0.04052777777777777
2 0.24939062500000003 0.5985277777777778 0.018093749999999992 0.050944444444444334
2 0.2314453125 0.6033055555555555 0.016984374999999996 0.05131944444444455
2 0.12274218750000002 0.2094166666666667 0.0171015625 0.040847222222222285
7 0.2138671875 0.609375 0.01764062500000002 0.052111111111111046
2 0.1951875 0.6137222222222223 0.017046875000000017 0.05122222222222225
0 0.078796875 0.22080555555555556 0.015601562499999999 0.03870833333333332
8 0.270265625 0.5920138888888888 0.018234375000000025 0.05240277777777772
7 0.0960078125 0.21669444444444444 0.015132812499999981 0.03784722222222222
0 0.108578125 0.21300000000000002 0.015187499999999993 0.03813888888888885
9 0.1393359375 0.2090138888888889 0.017242187500000006 0.04547222222222221