9 0.15381250000000002 0.1949861111111111 0.015539062499999978 0.03993055555555555
8 0.2778359375 0.5733472222222223 0.015718750000000004 0.049805555555555533
2 0.24047656250000002 0.5833333333333334 0.01666406250000002 0.049805555555555533
2 0.25903125 0.5790000000000001 0.017179687499999985 0.050069444444444305
7 0.22302343750000003 0.5881111111111111 0.015429687500000011 0.04923611111111113
6 0.08209375000000001 0.21050000000000002 0.015304687499999997 0.03805555555555554
7 0.11217968750000001 0.20334722222222223 0.014226562499999984 0.03656944444444443
2 0.20495312499999999 0.5924444444444446 0.01652343749999996 0.048319444444444436
2 0.13879687500000001 0.19780555555555554 0.016585937500000036 0.04069444444444449
0 0.12524218750000002 0.20019444444444445 0.015132812499999995 0.0387916666666667
0 0.09600781250000001 0.2079027777777778 0.016023437500000015 0.038444444444444455