8 0.2822265625 0.5533888888888889 0.01634374999999999 0.04943055555555552
2 0.24548437500000003 0.5616388888888889 0.016585937500000036 0.04812500000000005
9 0.165890625 0.17870833333333333 0.016664062499999965 0.041319444444444464
2 0.2631875 0.5581666666666667 0.017515624999999924 0.04923611111111113
2 0.15295312500000002 0.17969444444444446 0.015671875000000002 0.037347222222222226
6 0.09685937500000003 0.19194444444444445 0.016218750000000004 0.03697222222222221
7 0.2282734375 0.5664027777777778 0.01730468749999997 0.047847222222222326
2 0.21081249999999999 0.5694444444444444 0.016726562499999986 0.04747222222222211
2 0.1267109375 0.18445833333333334 0.014226562499999984 0.0377638888888889
0 0.11028906249999999 0.18934722222222225 0.01615625000000001 0.03713888888888888
0 0.13899999999999998 0.18490277777777778 0.015312500000000007 0.03962499999999997