2 0.255125 0.536888888888889 0.016921874999999975 0.04712500000000001
2 0.272953125 0.5338611111111111 0.017101562499999945 0.04747222222222211
8 0.2915078125 0.5299444444444444 0.015718750000000004 0.048583333333333395
7 0.23828125 0.5412361111111111 0.016781250000000025 0.04712500000000001
2 0.22107031250000003 0.5438333333333334 0.016984374999999996 0.046680555555555614
6 0.1137734375 0.168625 0.016781250000000025 0.03683333333333335
2 0.168078125 0.15906944444444446 0.016929687500000012 0.03925000000000001
0 0.12634375 0.16623611111111114 0.016156249999999997 0.03705555555555554
9 0.181515625 0.15766666666666668 0.01589843750000003 0.03930555555555558
0 0.15453906250000002 0.1610277777777778 0.01578124999999997 0.03705555555555554
7 0.1414765625 0.16330555555555556 0.01363281249999998 0.03572222222222221