9 0.19348437500000004 0.14105555555555557 0.015835937500000008 0.03813888888888892
2 0.27734375 0.5169305555555556 0.017382812499999956 0.046680555555555614
2 0.2605 0.5190972222222222 0.016460937499999995 0.04598611111111121
2 0.180421875 0.14127777777777778 0.01578124999999997 0.03697222222222221
6 0.12619531250000002 0.149625 0.01558593749999998 0.03586111111111112
8 0.296140625 0.5138888888888888 0.017851562499999973 0.04931944444444447
7 0.244140625 0.5221388888888889 0.016921874999999975 0.045430555555555564
2 0.22571093750000004 0.5251805555555555 0.017046875000000017 0.04536111111111099
0 0.1384296875 0.14756944444444445 0.015671875000000002 0.03545833333333334
7 0.15392968750000002 0.1454027777777778 0.014007812499999994 0.035124999999999997
0 0.1669921875 0.14333333333333334 0.016023437500000015 0.036347222222222184