0 0.14856250000000001 0.14159722222222224 0.01692187500000003 0.03572222222222221
2 0.280515625 0.5147638888888889 0.017101562499999945 0.04641666666666665
9 0.20325000000000004 0.13661111111111113 0.01589843750000003 0.038444444444444455
2 0.18957812500000001 0.13683333333333333 0.015960937499999994 0.03697222222222221
2 0.2634296875 0.5169305555555556 0.016585937500000036 0.04570833333333329
0 0.176515625 0.13856944444444444 0.015718750000000004 0.03608333333333332
6 0.1364765625 0.1429027777777778 0.01692187500000003 0.036347222222222184
7 0.24817187500000004 0.5182361111111111 0.01652343749999996 0.04527777777777785
2 0.2294921875 0.5212638888888889 0.01738281250000001 0.04570833333333329
8 0.298828125 0.5125833333333333 0.01847656249999996 0.04923611111111113
7 0.1639375 0.1397638888888889 0.014117187500000017 0.03670833333333334