2 0.2788125 0.515625 0.01791406249999994 0.046138888888888924
6 0.1433125 0.1339027777777778 0.018937499999999996 0.03656944444444443
9 0.20837500000000003 0.12955555555555556 0.01666406250000002 0.037763888888888895
8 0.2971171875 0.5143194444444444 0.018125000000000058 0.04904166666666675
0 0.18078906250000001 0.13151388888888887 0.017179687499999985 0.03616666666666665
7 0.24658593750000002 0.5173611111111112 0.017578125 0.044763888888888874
7 0.1688203125 0.13291666666666668 0.01536718749999999 0.03643055555555552
2 0.22803125000000002 0.5190972222222222 0.01785156250000003 0.04511111111111118
2 0.19555468750000002 0.1298888888888889 0.016156249999999983 0.03616666666666665
2 0.261234375 0.5160555555555555 0.01937499999999992 0.04605555555555559
0 0.15515625 0.1330277777777778 0.016437499999999994 0.03994444444444446