9 0.208984375 0.13433333333333333 0.01666406250000002 0.03677777777777777
2 0.272703125 0.5277777777777778 0.018695312500000005 0.045874999999999964
2 0.2556171875 0.5277777777777778 0.01945312499999996 0.04598611111111121
2 0.1954375 0.13433333333333333 0.017382812499999956 0.03784722222222224
7 0.23950000000000002 0.5286527777777779 0.018718750000000006 0.04562499999999995
2 0.22107031250000003 0.5290833333333333 0.01861718750000002 0.04511111111111118
8 0.291015625 0.5277777777777778 0.016460937499999995 0.04866666666666654
6 0.1430703125 0.13530555555555557 0.018023437500000017 0.03656944444444448
0 0.1551484375 0.13433333333333333 0.018695312500000005 0.03594444444444446
7 0.170265625 0.1363888888888889 0.016648437500000002 0.035597222222222204
0 0.18276562500000001 0.1346527777777778 0.015710937500000022 0.036347222222222184