8 0.28003125 0.5290833333333333 0.016664062500000076 0.049125000000000085
6 0.1382421875 0.12456944444444444 0.017429687500000013 0.03697222222222225
9 0.20397656249999999 0.12630555555555556 0.01799218749999998 0.037916666666666675
2 0.260984375 0.5277777777777778 0.019421875000000033 0.04633333333333331
0 0.177609375 0.12565277777777778 0.01809375000000002 0.03616666666666665
2 0.24340625 0.5277777777777778 0.019085937499999955 0.045874999999999964
7 0.22778125000000002 0.5273472222222222 0.018585937499999983 0.045791666666666626
2 0.20885937499999999 0.5264722222222222 0.01882812500000003 0.04491666666666679
2 0.189453125 0.12608333333333335 0.016054687499999998 0.03813888888888891
0 0.150625 0.12525 0.018445312500000033 0.037208333333333315
7 0.16639062500000001 0.12594444444444447 0.017023437500000016 0.037777777777777764