2 0.40234375 0.13606944444444447 0.017437499999999995 0.043000000000000003
2 0.650390625 0.5473055555555556 0.019085937500000094 0.054013888888888834
2 0.6313515625 0.5538194444444444 0.0182968750000001 0.05311111111111108
7 0.36352343750000005 0.1405138888888889 0.016156249999999983 0.04106944444444446
6 0.3259296875 0.14572222222222223 0.019640624999999967 0.046763888888888855
2 0.5927734375 0.57075 0.018539062499999925 0.05484722222222219
0 0.38428125 0.13802777777777778 0.018984374999999942 0.04147222222222223
0 0.3447265625 0.14258333333333334 0.018265624999999952 0.042916666666666665
7 0.611328125 0.5620694444444445 0.018187500000000023 0.05547222222222222
8 0.6728515625 0.5381944444444444 0.021625000000000005 0.05484722222222219
9 0.42163281250000006 0.13336111111111112 0.01911718750000002 0.045277777777777764