7 0.18371875000000001 0.12011111111111113 0.014500000000000013 0.034666666666666686
0 0.1961640625 0.12163888888888891 0.016726562500000042 0.03477777777777778
0 0.168703125 0.11816666666666668 0.018156249999999985 0.03491666666666669
8 0.2890625 0.5290833333333333 0.016156249999999983 0.047305555555555635
2 0.2529296875 0.5247361111111111 0.01861718750000005 0.04451388888888887
2 0.2705078125 0.5269166666666667 0.019054687499999945 0.04536111111111099
7 0.23754687500000002 0.523 0.018906250000000013 0.04416666666666656
9 0.22302343750000003 0.12380555555555556 0.01536718749999999 0.03375000000000003
6 0.1560078125 0.11794444444444446 0.01730468749999997 0.03572222222222221
2 0.20959375 0.1225 0.016218750000000004 0.03440277777777778
2 0.21887500000000004 0.5217083333333333 0.019374999999999976 0.04399999999999989