0 0.179078125 0.11708333333333333 0.019164062500000023 0.033416666666666664
8 0.2954140625 0.5295138888888888 0.016281250000000025 0.04738888888888897
2 0.216796875 0.12337500000000001 0.017046875000000017 0.037055555555555585
2 0.2775859375 0.5269166666666667 0.01799218749999998 0.04536111111111099
9 0.23254687500000004 0.12456944444444444 0.016585937500000036 0.03566666666666669
0 0.20592968749999999 0.12120833333333333 0.017578125 0.035124999999999997
2 0.2595234375 0.5243055555555556 0.019164062499999995 0.04484722222222221
7 0.24450781250000003 0.5221388888888889 0.018765625000000008 0.04431944444444448
7 0.19287500000000002 0.11881944444444444 0.015539062499999978 0.03545833333333334
2 0.22607812500000002 0.5190972222222222 0.0190546875 0.04443055555555553
6 0.1668671875 0.11643055555555556 0.018374999999999975 0.032902777777777774