0 0.21325781250000003 0.13216666666666665 0.01960937500000004 0.036625000000000005
2 0.2795390625 0.536888888888889 0.019500000000000073 0.04502777777777764
0 0.18481250000000002 0.12543055555555557 0.018125000000000002 0.03458333333333335
2 0.2243671875 0.1346527777777778 0.01743750000000005 0.03713888888888888
2 0.2622109375 0.5342916666666667 0.01994531249999998 0.044597222222222205
9 0.2379140625 0.13530555555555557 0.01743750000000005 0.034999999999999996
7 0.20007031249999999 0.1284722222222222 0.015781250000000024 0.033041666666666636
6 0.172609375 0.125 0.01785156250000003 0.03491666666666666
8 0.296875 0.5399305555555556 0.01919531250000006 0.04758333333333336
7 0.248046875 0.5303888888888889 0.018187499999999995 0.04343055555555549
2 0.22900781250000002 0.5273472222222222 0.02036718750000005 0.04451388888888887