0 0.19275 0.11968055555555557 0.018906250000000013 0.03323611111111112
9 0.24596874999999999 0.13075 0.01589843750000003 0.03491666666666671
2 0.2839375 0.5303888888888889 0.01901562499999998 0.04491666666666679
0 0.21862499999999999 0.12608333333333335 0.01730468749999997 0.0339861111111111
2 0.2678203125 0.5269166666666667 0.018617187500000076 0.044680555555555536
7 0.2529296875 0.5234444444444445 0.018828125 0.04315277777777777
2 0.231078125 0.12890277777777778 0.018187499999999968 0.03586111111111111
2 0.23424999999999999 0.5199722222222223 0.019640624999999967 0.04343055555555549
6 0.18127343750000002 0.11837500000000002 0.018937499999999996 0.03327777777777779
8 0.30225 0.5338611111111111 0.01652343749999996 0.046583333333333324
7 0.207046875 0.124375 0.016765625000000006 0.03434722222222221