0 0.22643749999999999 0.11079166666666668 0.01791406249999994 0.03458333333333335
2 0.2731953125 0.507375 0.020140625000000023 0.04375000000000008
2 0.23938281250000004 0.11372222222222222 0.016843749999999935 0.03518055555555552
9 0.2529296875 0.11534722222222221 0.016460937500000022 0.033930555555555575
0 0.19909375 0.1031388888888889 0.018906250000000013 0.03412499999999999
2 0.29053125 0.5117222222222222 0.019242187499999952 0.044763888888888874
6 0.18774218750000002 0.10183333333333332 0.01839843750000003 0.03380555555555556
7 0.258546875 0.5043472222222223 0.01960937500000004 0.04383333333333322
7 0.21484375 0.10622222222222223 0.015429687500000011 0.03204166666666667
8 0.307375 0.5138888888888888 0.017773437500000044 0.046138888888888924
2 0.24010937499999996 0.5004305555555555 0.02002343749999999 0.04416666666666656