2 0.280765625 0.5008750000000001 0.01927343749999999 0.043680555555555695
2 0.2966328125 0.5052083333333334 0.01986718749999994 0.04443055555555553
0 0.2086171875 0.10015277777777779 0.01882812500000003 0.032847222222222236
0 0.234375 0.10780555555555556 0.016921874999999975 0.033416666666666664
9 0.2619609375 0.11372222222222222 0.015835937500000008 0.03444444444444445
6 0.19665625 0.09944444444444445 0.01839843750000003 0.03323611111111112
7 0.266359375 0.4965277777777778 0.018828124999999973 0.04204166666666668
8 0.3154296875 0.50825 0.017515624999999924 0.046499999999999986
7 0.223390625 0.10351388888888889 0.015718750000000004 0.030652777777777765
2 0.24817187500000004 0.11100000000000002 0.01764062500000005 0.035180555555555576
2 0.24817187500000004 0.4930555555555556 0.01924218749999998 0.042833333333333376