2 0.405765625 0.13704166666666667 0.017773437500000044 0.04226388888888888
2 0.6533203125 0.5486111111111112 0.018429687499999847 0.055263888888888876
2 0.63428125 0.5542500000000001 0.018187500000000023 0.05319444444444442
6 0.3298359375 0.14725 0.019164062500000023 0.04633333333333331
7 0.3676796875 0.14258333333333334 0.01634374999999999 0.041319444444444464
9 0.4260234375 0.13509722222222223 0.018343749999999992 0.04502777777777774
7 0.6142578125 0.5625 0.01678124999999997 0.05620833333333329
8 0.6782265625 0.5386250000000001 0.019054687500000167 0.05251388888888897
0 0.3881875 0.13954166666666667 0.018585937499999927 0.041888888888888864
0 0.349125 0.1446388888888889 0.018234375000000025 0.04431944444444443
2 0.595703125 0.5711805555555556 0.018648437500000004 0.054111111111111124