2 0.412109375 0.14258333333333334 0.017179687499999985 0.04334722222222225
2 0.6416015625 0.5603333333333333 0.018234375000000025 0.05452777777777781
8 0.681640625 0.5451388888888888 0.020648437500000005 0.055777777777777655
2 0.659671875 0.5546944444444445 0.01935156250000003 0.05652777777777788
7 0.3740234375 0.1486527777777778 0.016101562500000055 0.04155555555555557
9 0.431640625 0.1405138888888889 0.018585937499999927 0.04527777777777775
0 0.3552265625 0.15072222222222223 0.01911718750000002 0.043833333333333314
6 0.33617968750000005 0.15343055555555557 0.019085937499999983 0.04491666666666669
7 0.620609375 0.5685833333333333 0.017578125 0.05643055555555559
0 0.39453125 0.14497222222222222 0.01799218749999998 0.04195833333333335
2 0.6015625 0.5776944444444445 0.018695312500000005 0.05631944444444434