7 0.37719531250000005 0.15625 0.015249999999999986 0.040388888888888856
2 0.640625 0.568138888888889 0.017718750000000005 0.05515277777777783
9 0.4340859375 0.1486527777777778 0.01799218749999998 0.04459722222222225
6 0.3388671875 0.1627638888888889 0.019085937499999983 0.04491666666666669
0 0.396484375 0.15375 0.018156249999999985 0.041236111111111126
0 0.3579140625 0.1596111111111111 0.018828124999999973 0.042430555555555555
2 0.66015625 0.5616388888888889 0.018765624999999897 0.055986111111110994
2 0.6025390625 0.5829027777777778 0.01911718750000002 0.05697222222222228
8 0.6826171875 0.5512222222222223 0.020140625000000023 0.05504166666666658
2 0.4140625 0.15104166666666666 0.017101562500000056 0.04258333333333332
7 0.6201171875 0.5763888888888888 0.018156250000000096 0.057402777777777914