6 0.343609375 0.17431944444444447 0.019781250000000083 0.043583333333333356
0 0.3618203125 0.17045833333333338 0.017851562499999973 0.04315277777777777
7 0.380859375 0.16743055555555558 0.015718750000000004 0.04115277777777779
0 0.4006328125 0.1645 0.01837500000000003 0.04138888888888889
2 0.41796875 0.16134722222222223 0.017851562499999973 0.04212500000000002
9 0.437015625 0.15906944444444446 0.018617187499999965 0.04491666666666664
8 0.681640625 0.5599027777777779 0.02132812499999992 0.055263888888888876
2 0.659671875 0.5690138888888889 0.019054687500000167 0.0556666666666668
2 0.640140625 0.5750833333333334 0.01799218749999998 0.0537083333333332
2 0.601078125 0.5907083333333334 0.018765624999999897 0.05515277777777783
7 0.6196328125 0.5829027777777778 0.01893750000000005 0.05674999999999998