2 0.41089062500000006 0.18772222222222223 0.016843749999999935 0.04195833333333335
2 0.6474609375 0.5946250000000001 0.0192734375000001 0.0556666666666668
2 0.6279296875 0.6011250000000001 0.017515625000000146 0.05311111111111108
7 0.37378125 0.1940138888888889 0.01578125000000008 0.04052777777777777
9 0.4299296875 0.18544444444444447 0.017851562499999973 0.04554166666666667
6 0.33715625000000005 0.20052777777777778 0.018585937499999927 0.04400000000000004
0 0.3552265625 0.19672222222222221 0.018156249999999985 0.04204166666666668
2 0.5883828125 0.6171944444444445 0.018906250000000124 0.055263888888888876
0 0.3930703125 0.19031944444444446 0.017578125 0.04069444444444449
7 0.607421875 0.609375 0.01839843749999992 0.05643055555555559
8 0.669921875 0.5859444444444445 0.020523437500000075 0.05515277777777783