0 0.37524218750000005 0.20540277777777777 0.01809375000000002 0.041638888888888906
2 0.6044921875 0.6154583333333333 0.017851562499999973 0.053527777777777764
0 0.33715625000000005 0.212125 0.017773437500000044 0.041722222222222265
9 0.411625 0.19943055555555558 0.017515625000000035 0.04491666666666664
7 0.35571093750000005 0.20865277777777777 0.015132812499999981 0.040305555555555546
6 0.31909375 0.21593055555555557 0.01839843749999992 0.04399999999999999
2 0.623046875 0.6089444444444445 0.01919531249999995 0.05444444444444447
2 0.564453125 0.6319444444444444 0.01837500000000003 0.055263888888888876
2 0.39184375 0.20193055555555556 0.017382812499999956 0.04212499999999997
8 0.646 0.5985277777777778 0.01986718750000005 0.053527777777777764
7 0.5830078125 0.6241388888888889 0.017046874999999906 0.055263888888888876