7 0.344484375 0.21300000000000002 0.014898437500000083 0.03993055555555555
0 0.36328125 0.2094166666666667 0.01724218750000006 0.04006944444444446
6 0.308109375 0.22005555555555556 0.017304687500000027 0.04283333333333328
9 0.399171875 0.20301388888888888 0.017515624999999924 0.0439166666666667
0 0.326171875 0.21559722222222222 0.017640625000000076 0.041319444444444464
8 0.6259765625 0.5967916666666667 0.02017187499999995 0.05381944444444445
2 0.38012500000000005 0.20540277777777777 0.01678124999999997 0.04077777777777783
2 0.5878593750000001 0.6124166666666667 0.02304687499999991 0.054013888888888834
7 0.56396875 0.6202222222222223 0.018054687499999833 0.05547222222222222
2 0.6066093750000001 0.606763888888889 0.02464062499999997 0.055986111111110994
2 0.5472421875000001 0.6280416666666667 0.02425781249999992 0.05422222222222217