7 0.34521875 0.42773611111111115 0.014117187500000017 0.03819444444444445
7 0.788578125 0.46570833333333334 0.01433593749999984 0.03656944444444458
2 0.44653125 0.41797222222222224 0.016281249999999914 0.038958333333333234
6 0.7563515625 0.4557361111111111 0.016156250000000094 0.03770833333333333
3 0.31046093750000003 0.43204166666666666 0.01649999999999996 0.04797222222222213
5 0.4638671875 0.4160138888888889 0.014898437499999972 0.04115277777777779
9 0.3278828125 0.4296944444444445 0.01578125000000008 0.039680555555555594
9 0.4130859375 0.42165277777777777 0.014953125000000123 0.03813888888888892
8 0.39624218749999995 0.4236111111111111 0.01518750000000002 0.03984722222222232
8 0.8046875 0.47179166666666666 0.014117187500000128 0.03754166666666671
6 0.38012500000000005 0.4262222222222223 0.015539062500000034 0.040222222222222236
1 0.363 0.4284444444444444 0.018617187500000076 0.046749999999999944
1 0.42944531250000006 0.4186250000000001 0.010492187500000028 0.03608333333333332
5 0.8212890625 0.47873611111111114 0.014390625000000101 0.03656944444444458
4 0.772515625 0.4629305555555556 0.015328124999999915 0.04363888888888883
4 0.837890625 0.48480555555555555 0.015367187500000101 0.03734722222222212
1 0.8561796875000001 0.49048611111111107 0.01883593750000001 0.04619444444444435