8 0.36352343750000005 0.42165277777777777 0.01596093749999994 0.04069444444444434
5 0.4301796875 0.4123333333333334 0.014835937500000007 0.04001388888888879
5 0.79296875 0.46875 0.014617187500000073 0.037194444444444405
4 0.7407265625 0.4513888888888889 0.015718750000000004 0.03691666666666668
8 0.775390625 0.4626805555555556 0.015539062500000034 0.03955555555555554
3 0.2785625 0.4309861111111111 0.014671875000000001 0.03968055555555564
9 0.294921875 0.42904166666666677 0.01596093749999994 0.03930555555555553
1 0.8251953125 0.4791666666666667 0.009898437499999968 0.03713888888888898
6 0.3481484375 0.4236111111111111 0.016156249999999983 0.03908333333333333
9 0.38012500000000005 0.4194861111111111 0.014835937500000007 0.03836111111111112
4 0.8090859375000001 0.4756944444444444 0.016023437500000126 0.039013888888888855
7 0.3134765625 0.4268611111111111 0.015249999999999986 0.03713888888888888
1 0.3298359375 0.4255694444444445 0.009453125000000062 0.03572222222222226
7 0.759765625 0.45616666666666666 0.013796875000000153 0.036625000000000005
6 0.7265625 0.4479166666666667 0.017382812499999956 0.03930555555555553
2 0.413578125 0.41515277777777787 0.01621874999999995 0.039166666666666766
1 0.39721874999999995 0.4166666666666667 0.008953125000000006 0.03572222222222226