4 0.6826171875 0.4359861111111112 0.016726562500000153 0.037194444444444405
6 0.28515625 0.4244861111111111 0.015429687499999956 0.03984722222222232
8 0.3017578125 0.42144444444444445 0.014898437500000083 0.039638888888888876
5 0.3676796875 0.4099444444444445 0.015078124999999942 0.04115277777777779
1 0.7685546875 0.46311111111111114 0.011289062499999947 0.03770833333333333
2 0.351078125 0.41276388888888893 0.015539062500000034 0.039166666666666766
9 0.31762500000000005 0.4188333333333334 0.014117187500000017 0.037763888888889006
8 0.7177734375 0.4479166666666667 0.015078125000000053 0.03984722222222227
9 0.23376562500000003 0.4312083333333334 0.015249999999999986 0.040388888888888905
7 0.701171875 0.4420555555555556 0.015078125000000053 0.03805555555555554
5 0.7353515625 0.453125 0.014953125000000123 0.03791666666666657
3 0.2165546875 0.4340277777777778 0.014171875 0.040152777777777704
1 0.2658671875 0.4268611111111111 0.010054687500000048 0.03656944444444448
4 0.751953125 0.45963888888888893 0.016406249999999956 0.03955555555555554
7 0.2517109375 0.42904166666666677 0.014335937500000034 0.03870833333333337
6 0.667484375 0.43272222222222223 0.017304687500000027 0.03930555555555548
1 0.3344765625 0.4149305555555556 0.00996874999999997 0.03554166666666673