4 0.646 0.4229583333333333 0.016921874999999975 0.03844444444444436
8 0.2646484375 0.4205694444444445 0.014554687499999996 0.03908333333333333
2 0.3129921875 0.4099444444444445 0.015539062500000034 0.03955555555555554
5 0.32959375 0.407125 0.014835937500000007 0.040611111111111105
5 0.7001953125 0.4385833333333333 0.015484374999999995 0.04001388888888879
9 0.1982421875 0.433375 0.015015625000000032 0.03984722222222232
7 0.666015625 0.4264305555555556 0.015187500000000131 0.037625000000000096
3 0.18213281250000002 0.43641666666666673 0.013898437500000027 0.03955555555555554
8 0.6821328125 0.4327222222222223 0.016101562499999833 0.040694444444444394
6 0.24853906250000002 0.4238333333333334 0.015484375000000022 0.03901388888888895
7 0.21569531249999999 0.42990277777777774 0.013796874999999986 0.037916666666666626
4 0.7172890625 0.44313888888888886 0.017851562499999973 0.04147222222222223
9 0.280515625 0.41709722222222223 0.014226562499999984 0.03713888888888888
1 0.231078125 0.42643055555555553 0.009164062500000014 0.035180555555555576
5 0.630859375 0.4201388888888889 0.01837500000000003 0.04138888888888884
1 0.296875 0.41276388888888893 0.008851562500000076 0.03554166666666673
1 0.734375 0.4461805555555556 0.009601562499999883 0.039013888888888903