2 0.3044453125 0.4116805555555556 0.014789062500000005 0.03955555555555554
8 0.2563515625 0.4236111111111111 0.014171874999999973 0.04006944444444452
1 0.7275390625 0.4418472222222223 0.011781249999999854 0.03930555555555553
9 0.19164843750000002 0.43727777777777777 0.014789062500000005 0.04015277777777775
8 0.6748046875 0.4279583333333334 0.015671875000000002 0.04061111111111115
6 0.24108593749999999 0.4270833333333333 0.014898437500000028 0.04030555555555557
5 0.3208046875 0.40906944444444443 0.014007812499999939 0.04030555555555557
1 0.22289843750000002 0.4285972222222222 0.009453125000000007 0.035000000000000045
4 0.6381875 0.4186250000000001 0.016843750000000046 0.03805555555555548
3 0.1748046875 0.4403194444444445 0.013531249999999995 0.03976388888888893
5 0.692875 0.4331666666666667 0.015304687500000025 0.04006944444444452
4 0.7099609375 0.43793055555555566 0.017046874999999906 0.040694444444444394
9 0.2724609375 0.41991666666666666 0.013898437499999972 0.037763888888889006
7 0.20885937499999999 0.43272222222222223 0.012968750000000029 0.03844444444444436
7 0.658203125 0.42275 0.015539062500000034 0.03856944444444446
6 0.6225625 0.4155833333333334 0.017718750000000005 0.041319444444444464
1 0.2888203125 0.41515277777777787 0.008546875000000065 0.03643055555555562