2 0.300296875 0.41775 0.01518750000000002 0.04001388888888879
8 0.6723671875 0.4270833333333333 0.01578125000000008 0.04172222222222214
9 0.18799218750000002 0.4444444444444444 0.014500000000000013 0.03984722222222227
5 0.31640625 0.413625 0.014062499999999978 0.041805555555555624
7 0.655765625 0.4220972222222223 0.016406249999999956 0.04001388888888879
3 0.1716328125 0.44834722222222223 0.013375000000000026 0.03947222222222221
8 0.2521953125 0.42990277777777774 0.014453124999999983 0.04001388888888879
1 0.726078125 0.44054166666666666 0.012007812499999826 0.040388888888888905
4 0.6357421875 0.41775 0.016460937499999995 0.03955555555555554
5 0.6904296875 0.43163888888888885 0.01578125000000008 0.041236111111111175
4 0.7085 0.43641666666666673 0.01678124999999997 0.04147222222222228
7 0.2048359375 0.4411944444444445 0.013484374999999993 0.03879166666666656
6 0.23717968749999999 0.4331666666666667 0.01439062499999999 0.03947222222222221
9 0.2680703125 0.4262222222222223 0.013898437499999972 0.03836111111111112
1 0.284671875 0.4205694444444445 0.009820312500000039 0.03805555555555548
1 0.22021875000000002 0.4366388888888889 0.008953125000000006 0.03586111111111122
6 0.6196328125 0.4149305555555556 0.018984375000000053 0.04359722222222216