9 0.2629375 0.4316388888888889 0.013023437500000012 0.03844444444444436
5 0.31128125 0.41797222222222224 0.014335937500000062 0.04266666666666671
4 0.6298828125 0.4164444444444444 0.017851562499999973 0.04052777777777767
1 0.7216796875 0.43727777777777777 0.011914062500000044 0.04001388888888879
8 0.667484375 0.4255694444444445 0.016101562499999833 0.04243055555555545
2 0.2946796875 0.4220972222222223 0.014671875000000001 0.03968055555555564
7 0.6508828125 0.42079166666666673 0.016726562500000153 0.04052777777777767
3 0.1683359375 0.45529166666666665 0.013484374999999993 0.039638888888888876
8 0.24817187500000004 0.43511111111111117 0.01332812499999994 0.03976388888888893
6 0.23229687499999999 0.4392361111111111 0.015015625000000032 0.039013888888888903
4 0.7041015625 0.4346805555555556 0.018539062499999925 0.04258333333333332
5 0.6860390625 0.4303333333333333 0.017437499999999995 0.04138888888888884
7 0.20068750000000002 0.4470555555555556 0.013898437499999972 0.03827777777777773
6 0.6142578125 0.41427777777777774 0.01839843749999992 0.041805555555555624
1 0.2785625 0.425125 0.009195312499999941 0.03629166666666666
1 0.21569531249999999 0.4427083333333333 0.008546875000000065 0.03526388888888891
9 0.18469531250000001 0.45051388888888894 0.014796874999999987 0.05290277777777779