8 0.23938281250000004 0.44487499999999996 0.01439062499999999 0.04155555555555547
4 0.620609375 0.4210138888888889 0.018054687499999833 0.04101388888888883
8 0.658203125 0.42925 0.016281250000000025 0.04274999999999994
2 0.285890625 0.43098611111111107 0.014898437500000083 0.041069444444444506
5 0.3012734375 0.42686111111111114 0.014554687499999996 0.04226388888888883
9 0.17700000000000002 0.46223611111111107 0.014007812499999994 0.040930555555555595
3 0.160890625 0.4661527777777778 0.01277343750000004 0.040222222222222236
5 0.6767578125 0.43337500000000007 0.0163437500000001 0.0424305555555555
1 0.7133828125 0.44140277777777776 0.012195312499999833 0.041638888888888906
7 0.6411171875 0.42491666666666666 0.016843750000000046 0.04047222222222224
6 0.22375781250000004 0.4505277777777778 0.013796874999999986 0.04123611111111122
4 0.694828125 0.4377222222222223 0.017851562499999973 0.04195833333333335
9 0.2548828125 0.4409722222222222 0.013429687500000065 0.039166666666666766
7 0.19275 0.4583333333333333 0.012828125000000024 0.038958333333333234
6 0.6044921875 0.4188333333333334 0.01968750000000008 0.04451388888888887
1 0.20703125 0.45443055555555556 0.009898437499999968 0.03526388888888891
1 0.27075 0.43533333333333335 0.008640624999999957 0.03697222222222226