9 0.5083046875 0.3307361111111111 0.01666406249999991 0.04283333333333328
3 0.4887734375 0.33008333333333334 0.015304687499999914 0.04343055555555549
5 0.651859375 0.3394166666666667 0.015304687500000025 0.040611111111111105
8 0.581546875 0.3361527777777778 0.015718750000000004 0.04195833333333335
6 0.5654296875 0.3359444444444445 0.017304687500000027 0.04234722222222222
4 0.94921875 0.43186111111111114 0.014554687499999996 0.03586111111111122
7 0.526859375 0.33311111111111114 0.016101562499999833 0.04188888888888896
2 0.63428125 0.33897222222222223 0.01596093750000005 0.04084722222222226
1 0.6181640625 0.3383194444444445 0.01205468750000005 0.03856944444444446
9 0.599609375 0.3365833333333333 0.01596093750000005 0.040777777777777774
7 0.96484375 0.4390138888888888 0.013218750000000057 0.03526388888888886
1 0.546390625 0.3342083333333334 0.011507812500000103 0.039638888888888876
8 0.9799843750000001 0.44834722222222223 0.014226562499999984 0.03856944444444446
6 0.9350625000000001 0.4262222222222223 0.015539062499999812 0.03784722222222219
5 0.9943515625 0.4539861111111112 0.011289062499999947 0.04329166666666658