1 0.7060546875 0.44336111111111115 0.010859375000000115 0.0433472222222223
2 0.276125 0.4409722222222222 0.014671875000000001 0.04077777777777783
4 0.61084375 0.42577777777777787 0.019054687500000167 0.04226388888888883
8 0.2302265625 0.45443055555555556 0.013796874999999986 0.04077777777777783
6 0.21496875000000004 0.45963888888888893 0.014499999999999957 0.04047222222222224
5 0.6684609375 0.43706944444444445 0.016726562500000153 0.04218055555555559
7 0.6318359375 0.4292500000000001 0.017640624999999854 0.042125000000000065
5 0.2919921875 0.4359861111111112 0.014499999999999957 0.04266666666666671
9 0.24560937500000002 0.4513888888888889 0.013171875000000027 0.038444444444444406
4 0.6865234375 0.4409722222222222 0.018828124999999973 0.04300000000000005
8 0.6494140625 0.433375 0.01652343750000007 0.04334722222222225
9 0.168703125 0.4730972222222223 0.013742187500000003 0.03955555555555554
3 0.15295312500000002 0.47786111111111107 0.014117187500000017 0.040152777777777655
7 0.1849375 0.46875 0.013531249999999995 0.03865277777777779
1 0.19885156250000002 0.46397222222222223 0.009015625000000027 0.03629166666666666
6 0.59521875 0.4229583333333334 0.019421874999999922 0.04359722222222221
1 0.261234375 0.44487499999999996 0.008578124999999992 0.03643055555555562