1 0.7006875 0.44922222222222224 0.010906250000000117 0.04383333333333322
4 0.60546875 0.43272222222222223 0.018429687499999847 0.042513888888888886
6 0.2105703125 0.47265277777777776 0.013632812500000036 0.04047222222222224
7 0.62646875 0.43641666666666673 0.01652343750000007 0.041888888888888816
8 0.2255859375 0.4670138888888889 0.013585937499999978 0.04084722222222226
5 0.286625 0.44748611111111114 0.01379687499999993 0.04359722222222216
9 0.1644296875 0.48654166666666665 0.01342968750000001 0.04084722222222226
8 0.6435546875 0.43988888888888894 0.017046874999999906 0.04399999999999989
3 0.1494140625 0.49088888888888893 0.012429687500000008 0.040388888888888905
2 0.270265625 0.45269444444444445 0.014554687499999996 0.04006944444444452
4 0.6806640625 0.44661111111111107 0.018539062499999925 0.04359722222222216
9 0.24060156250000003 0.46223611111111107 0.012921874999999972 0.039680555555555594
7 0.18103125 0.4817777777777778 0.013328125000000024 0.03938888888888887
1 0.1937265625 0.4765694444444445 0.009335937500000002 0.03691666666666668
5 0.6630859375 0.44379166666666664 0.017578125 0.04351388888888893
6 0.5888671875 0.43033333333333335 0.01953125 0.04459722222222225
1 0.2556171875 0.45702777777777776 0.008882812500000004 0.03740277777777775