8 0.21789843750000004 0.47179166666666666 0.013171875 0.040152777777777655
2 0.2629375 0.45616666666666666 0.014789062500000005 0.041805555555555624
4 0.595703125 0.4316388888888889 0.018874999999999975 0.04374999999999998
7 0.6171875 0.43511111111111117 0.01698437500000005 0.04343055555555554
3 0.14282031250000002 0.49609722222222224 0.012382812500000007 0.03947222222222221
9 0.15771875000000002 0.49174999999999996 0.013585937499999978 0.040388888888888905
5 0.6547890625 0.4427083333333333 0.017437499999999995 0.04399999999999989
8 0.634765625 0.438375 0.017304687500000027 0.045027777777777694
5 0.2775859375 0.45181944444444444 0.014117187500000017 0.043083333333333335
4 0.671875 0.4453194444444445 0.018984375000000053 0.04416666666666656
9 0.23254687500000004 0.46744444444444444 0.013273437499999985 0.039166666666666766
6 0.2028828125 0.4765694444444445 0.014007812499999994 0.04052777777777767
7 0.17334375000000002 0.48741666666666666 0.01342968750000001 0.03930555555555553
1 0.1872578125 0.4817777777777778 0.00854687500000001 0.03629166666666666
6 0.57959375 0.4296944444444445 0.019085937500000094 0.04443055555555553
1 0.24853906250000002 0.4600694444444444 0.00948437499999999 0.03784722222222219
1 0.6941328125 0.44797222222222227 0.019414062499999885 0.05302777777777775