1 0.67725 0.442486111111111 0.012148437500000053 0.04511111111111113
3 0.133546875 0.49783333333333335 0.01277343750000004 0.03984722222222222
4 0.5810546875 0.4270833333333333 0.019242187500000174 0.04416666666666656
8 0.20739843750000003 0.47179166666666666 0.013429687500000065 0.04147222222222228
9 0.22082812500000004 0.4678888888888889 0.012289062500000003 0.03984722222222222
9 0.1480703125 0.49348611111111107 0.01363281249999998 0.03984722222222222
6 0.1923828125 0.47700000000000004 0.013742187500000003 0.04030555555555557
7 0.6025390625 0.4305555555555556 0.01799218749999998 0.04343055555555549
2 0.2502421875 0.4557361111111111 0.01332812499999994 0.03976388888888888
4 0.65771875 0.4403194444444444 0.019242187500000174 0.04511111111111113
8 0.6201171875 0.43337500000000007 0.01724218749999995 0.04554166666666667
5 0.2653828125 0.45181944444444444 0.013687499999999964 0.04274999999999999
7 0.16369531250000002 0.4878472222222222 0.013171875 0.03856944444444446
5 0.6396484375 0.4366388888888889 0.01596093750000005 0.04343055555555549
6 0.5649453125 0.42512500000000003 0.01911718750000002 0.04443055555555558
1 0.17639062500000002 0.48306944444444444 0.008984374999999989 0.035402777777777866
1 0.23657031250000002 0.4600694444444444 0.008921874999999968 0.03616666666666665