1 0.6630859375 0.4299027777777778 0.011640625000000071 0.04399999999999994
8 0.199953125 0.4661527777777778 0.012289062500000003 0.04030555555555557
5 0.2575703125 0.44487499999999996 0.013484374999999993 0.04431944444444443
8 0.6069375 0.42079166666666673 0.01698437500000005 0.04527777777777785
3 0.128296875 0.49088888888888893 0.011874999999999983 0.040222222222222236
2 0.2421875 0.4496527777777778 0.013843750000000044 0.04052777777777767
6 0.185546875 0.47179166666666666 0.013742187500000003 0.04006944444444452
7 0.5888671875 0.41818055555555556 0.01799218749999998 0.04391666666666665
9 0.1422109375 0.48741666666666666 0.013070312500000014 0.04155555555555542
5 0.62646875 0.42491666666666666 0.017437499999999995 0.04343055555555549
4 0.6430703125 0.4270833333333333 0.01971093749999997 0.044680555555555536
9 0.21399218750000004 0.4609444444444445 0.0121953125 0.03938888888888887
7 0.1571015625 0.48220833333333335 0.01223437500000002 0.039680555555555545
4 0.5688515625 0.4158055555555556 0.017718750000000005 0.04291666666666662
1 0.17053125000000002 0.47526388888888893 0.009742187499999999 0.037972222222222345
1 0.2282734375 0.45355555555555555 0.008742187500000054 0.03643055555555562
6 0.5517578125 0.41341666666666677 0.019562499999999927 0.046138888888888924