2 0.23266406250000002 0.44401388888888893 0.014171875 0.04069444444444434
4 0.55615625 0.4055972222222222 0.019085937500000094 0.04408333333333333
7 0.5766640625 0.40863888888888894 0.016921874999999975 0.04391666666666665
8 0.1903046875 0.46137500000000004 0.012531249999999994 0.04006944444444452
9 0.133546875 0.4835138888888889 0.014117187500000017 0.042347222222222314
5 0.24670312500000002 0.4379305555555556 0.013273437500000013 0.04291666666666662
3 0.11963281250000002 0.48827777777777776 0.012195312500000013 0.04123611111111122
5 0.61328125 0.41450000000000004 0.01698437500000005 0.04408333333333333
9 0.20397656249999999 0.4557361111111111 0.013023437500000012 0.04001388888888884
4 0.6313515625 0.41709722222222223 0.018874999999999975 0.04451388888888887
6 0.1767578125 0.46658333333333335 0.013687499999999964 0.040388888888888905
8 0.5947265625 0.4116805555555556 0.016406249999999956 0.04502777777777774
7 0.14856250000000001 0.47786111111111107 0.012570312499999958 0.03930555555555553
1 0.16137500000000002 0.47179166666666666 0.009234375000000017 0.036625000000000005
1 0.6513671875 0.4192777777777778 0.011960937500000046 0.04511111111111118
1 0.21899218750000002 0.4487916666666667 0.008062500000000028 0.03683333333333335
6 0.5395546875 0.40429166666666666 0.018507812499999998 0.04536111111111109