1 0.6396484375 0.3962638888888889 0.012148437500000053 0.04511111111111118
7 0.5654296875 0.3875833333333334 0.017179687500000096 0.04502777777777774
4 0.5439453125 0.38498611111111114 0.02009375000000002 0.045791666666666724
3 0.11340625 0.4774305555555556 0.012007812499999992 0.03924999999999991
5 0.6025390625 0.3925833333333334 0.017640624999999854 0.04598611111111111
8 0.18285937500000002 0.4487916666666667 0.012921875000000027 0.04084722222222221
8 0.5830078125 0.39019444444444445 0.016406249999999956 0.04605555555555549
5 0.23682031250000002 0.4257777777777778 0.014335937500000007 0.044319444444444384
4 0.620609375 0.39475000000000005 0.020343749999999883 0.046499999999999986
5 0.16918750000000002 0.45529166666666665 0.012624999999999997 0.04030555555555557
9 0.126953125 0.4722222222222222 0.013124999999999998 0.040930555555555595
2 0.223265625 0.4299027777777778 0.012726562499999983 0.03993055555555561
1 0.1536875 0.4609444444444445 0.008671874999999996 0.035180555555555576
7 0.1414765625 0.4661527777777778 0.012148437499999998 0.03924999999999991
1 0.2099609375 0.43511111111111117 0.009054687500000047 0.036916666666666736
6 0.5283203125 0.3836805555555556 0.01968750000000008 0.047388888888888876
9 0.196046875 0.4427083333333333 0.012671874999999999 0.03836111111111112