1 0.640625 0.3828194444444445 0.01205468750000005 0.04484722222222221
9 0.12512500000000001 0.4644166666666667 0.013023437500000012 0.041069444444444554
7 0.5654296875 0.37477777777777777 0.017718750000000005 0.04451388888888887
8 0.5830078125 0.3767361111111111 0.01698437500000005 0.046222222222222165
4 0.5434609375 0.3724027777777778 0.01953125 0.045430555555555564
3 0.111453125 0.47005555555555556 0.011593749999999986 0.04047222222222224
2 0.2216796875 0.4223055555555556 0.013429687500000065 0.04155555555555552
5 0.6020546875 0.37912500000000005 0.017851562499999973 0.04536111111111109
8 0.1795625 0.4409722222222222 0.013218750000000001 0.04243055555555545
5 0.23584375000000002 0.4164444444444444 0.013273437499999985 0.04359722222222216
4 0.62109375 0.3817222222222222 0.02084375000000005 0.046499999999999986
6 0.1663828125 0.44661111111111107 0.013843749999999988 0.04047222222222224
1 0.15160937500000002 0.45181944444444444 0.008812500000000001 0.036708333333333294
7 0.13977343750000001 0.4592083333333334 0.012007812499999992 0.04047222222222224
6 0.5278359375 0.3715277777777778 0.0197890624999999 0.047472222222222214
1 0.20837500000000003 0.42773611111111115 0.008984374999999989 0.03734722222222217
9 0.19407031250000004 0.437375 0.01544531250000003 0.04568055555555553