1 0.63671875 0.37912500000000005 0.012195312499999833 0.046138888888888924
5 0.2282734375 0.4155833333333334 0.013070312500000014 0.04554166666666662
8 0.17248437500000002 0.4409722222222222 0.012671874999999999 0.041805555555555624
2 0.2135 0.42144444444444445 0.013796874999999986 0.041805555555555624
8 0.5786171875 0.3732638888888889 0.017773437500000044 0.04820833333333338
7 0.560546875 0.3715277777777778 0.0182968750000001 0.046583333333333324
3 0.10321093750000002 0.4704861111111111 0.011828124999999995 0.041069444444444554
5 0.5981484375 0.375875 0.018343750000000103 0.046763888888888855
9 0.11694531250000001 0.46570833333333334 0.013171875 0.04258333333333332
4 0.616703125 0.3769583333333334 0.02068749999999997 0.0476666666666667
6 0.1585703125 0.4461805555555556 0.013484374999999993 0.04077777777777783
4 0.538578125 0.3689305555555556 0.01901562499999998 0.046138888888888924
9 0.18603906250000002 0.4351111111111111 0.012429687500000008 0.04084722222222216
7 0.1313515625 0.4592083333333334 0.0121953125 0.04101388888888888
1 0.14367968750000001 0.45269444444444445 0.009296874999999982 0.03754166666666666
1 0.20007031249999999 0.42643055555555553 0.0082890625 0.03827777777777768
6 0.5224609375 0.36762500000000004 0.020796874999999826 0.049430555555555616