8 0.57421875 0.35265277777777787 0.016406249999999956 0.042916666666666714
5 0.6455078125 0.35525000000000007 0.015835937499999897 0.043513888888888824
6 0.558109375 0.3528611111111111 0.016101562499999833 0.042833333333333376
3 0.48120312500000006 0.3465694444444445 0.016156250000000094 0.04275000000000004
2 0.626953125 0.35394444444444445 0.015718750000000004 0.04188888888888896
6 0.9306640625 0.43706944444444445 0.016023437500000126 0.040152777777777704
7 0.51953125 0.3493888888888889 0.015015624999999977 0.04101388888888883
9 0.5 0.3483055555555556 0.01666406249999991 0.04204166666666668
5 0.990984375 0.4647638888888889 0.013382812500000174 0.040486111111111
9 0.5922890625 0.3535138888888889 0.01596093750000005 0.041555555555555616
7 0.9604531250000001 0.44922222222222224 0.013328124999999913 0.03466666666666675
8 0.9755859375 0.45963888888888893 0.014226562499999984 0.03784722222222219
1 0.538578125 0.3504722222222222 0.011781249999999854 0.040611111111111105
1 0.61084375 0.3528611111111111 0.011640625000000071 0.040222222222222236
4 0.9438515625000001 0.44031944444444443 0.01433593749999984 0.03784722222222224