1 0.6313515625 0.37130555555555556 0.011828125000000078 0.04695833333333334
9 0.18213281250000002 0.42859722222222213 0.011781249999999965 0.03836111111111107
7 0.5556640625 0.36415277777777777 0.018054687499999833 0.04605555555555549
8 0.16821093750000002 0.4359861111111112 0.01277343750000004 0.041888888888888816
6 0.15503125 0.44205555555555553 0.012867187500000044 0.040611111111111105
4 0.533203125 0.36176388888888894 0.01991406250000005 0.04684722222222229
2 0.20935156250000003 0.4173194444444445 0.01353125000000005 0.040777777777777774
8 0.5727578125 0.3660972222222222 0.018234375000000025 0.0476666666666667
3 0.09967187500000001 0.4661527777777778 0.011781250000000021 0.04084722222222226
5 0.223265625 0.4105972222222223 0.013070312500000014 0.04399999999999989
4 0.611328125 0.370013888888889 0.01999218749999998 0.047041666666666676
5 0.5927734375 0.3680555555555556 0.018507812499999998 0.04684722222222229
9 0.11297656250000002 0.46137500000000004 0.01342968750000001 0.04226388888888878
7 0.1274453125 0.45443055555555556 0.011640624999999974 0.04030555555555557
1 0.1396484375 0.4479166666666667 0.008000000000000007 0.03616666666666665
1 0.19555468750000002 0.4210138888888889 0.007937500000000042 0.03643055555555562
6 0.51709375 0.3604583333333333 0.020367187499999995 0.0495