1 0.624515625 0.3632777777777778 0.012726562499999927 0.0480138888888889
5 0.2125234375 0.4064722222222223 0.013843750000000044 0.04598611111111111
8 0.1572265625 0.4320694444444444 0.013171875 0.04274999999999994
2 0.19873437500000002 0.4129722222222222 0.013742187500000003 0.04300000000000005
4 0.52490625 0.35525000000000007 0.01999218749999998 0.04730555555555554
7 0.546875 0.35741666666666666 0.018874999999999975 0.047041666666666676
3 0.08850000000000001 0.46311111111111114 0.011734375000000019 0.041888888888888816
6 0.14379687500000002 0.438375 0.014281249999999968 0.04084722222222221
9 0.1017421875 0.45876388888888886 0.013742187500000003 0.04416666666666656
8 0.564453125 0.3585138888888889 0.018054687499999833 0.04838888888888891
4 0.6040078125 0.36241666666666666 0.02068749999999997 0.048583333333333395
5 0.5849609375 0.3613333333333334 0.01911718750000002 0.048124999999999946
7 0.11694531250000001 0.45181944444444444 0.012921875000000027 0.04172222222222214
1 0.12878125 0.44487499999999996 0.009195312499999997 0.037763888888889006
1 0.1845703125 0.41797222222222224 0.00803124999999999 0.03770833333333328
6 0.5078125 0.3533055555555556 0.021117187500000023 0.049805555555555533
9 0.17150781250000002 0.42577777777777776 0.012570312499999958 0.03930555555555548