1 0.6225625 0.35829166666666673 0.01238281249999984 0.04758333333333336
5 0.211546875 0.4027777777777778 0.013898437499999972 0.04554166666666662
4 0.522953125 0.3496111111111111 0.01994531249999998 0.04668055555555552
8 0.5634765625 0.3526527777777778 0.01791406250000005 0.048208333333333284
2 0.1981171875 0.40906944444444443 0.013898437500000027 0.043152777777777866
7 0.5458984375 0.3515694444444445 0.018585937499999927 0.046680555555555614
5 0.583984375 0.35568055555555556 0.018648437500000004 0.0476666666666667
8 0.15685937500000002 0.42990277777777774 0.013124999999999998 0.042513888888888886
9 0.10143750000000001 0.4557361111111111 0.013796875000000014 0.04443055555555553
3 0.08819531250000001 0.45963888888888893 0.011781250000000021 0.04212500000000002
6 0.1433125 0.4346805555555556 0.014453125000000011 0.04195833333333335
4 0.6025390625 0.3567777777777778 0.020601562500000004 0.048319444444444436
1 0.128296875 0.4418472222222223 0.00952343750000001 0.03791666666666657
7 0.11614843749999999 0.4487916666666667 0.013171875 0.04226388888888878
1 0.18408593750000002 0.41427777777777774 0.0083125 0.03797222222222225
9 0.1707734375 0.4223055555555556 0.01277343750000004 0.03976388888888888
6 0.5068359375 0.3483055555555556 0.021578124999999948 0.0500694444444445