2 0.607421875 0.3613333333333334 0.016585937499999925 0.040777777777777774
3 0.46215625 0.3563333333333334 0.015484374999999995 0.042513888888888886
9 0.4816875 0.35720833333333335 0.016726562500000042 0.04212500000000002
5 0.624515625 0.3613333333333334 0.01578125000000008 0.040930555555555595
8 0.5546875 0.36025 0.015898437499999973 0.04155555555555552
6 0.538578125 0.36025 0.018187500000000023 0.042833333333333376
8 0.9565468750000001 0.46137500000000004 0.014617187500000073 0.03836111111111112
7 0.5004921875 0.3578611111111112 0.015249999999999986 0.040777777777777774
9 0.572265625 0.3604583333333333 0.016726562500000153 0.04069444444444444
6 0.9111328125 0.4403194444444445 0.017046875000000128 0.041958333333333396
5 0.9716796875 0.46744444444444444 0.014281250000000245 0.036347222222222086
1 0.5913125 0.3615416666666667 0.013531249999999995 0.03925000000000001
1 0.519046875 0.35915277777777777 0.011640625000000071 0.03887499999999999
4 0.9252968750000001 0.44487499999999996 0.014671875000000112 0.03594444444444441
7 0.9418984375000001 0.45181944444444444 0.01513281249999987 0.03540277777777782
4 0.98771875 0.4791666666666667 0.016632812499999927 0.050249999999999934