2 0.5791015625 0.370875 0.016281250000000025 0.03938888888888887
6 0.5107421875 0.3704444444444445 0.016921874999999975 0.040222222222222236
9 0.4541015625 0.3691388888888889 0.017046874999999906 0.04204166666666668
5 0.597171875 0.3704444444444445 0.0163437500000001 0.039680555555555545
8 0.526859375 0.370013888888889 0.01513281249999987 0.04047222222222224
3 0.4357890625 0.3678333333333333 0.014390625000000101 0.04234722222222222
8 0.927734375 0.4644166666666667 0.014007812499999828 0.03683333333333335
9 0.5444375 0.370013888888889 0.015898437499999973 0.03870833333333332
4 0.8969765625000001 0.4505277777777778 0.015429687499999956 0.03620833333333337
7 0.47339062500000006 0.3691388888888889 0.01518750000000002 0.039680555555555545
6 0.8818359375 0.44379166666666664 0.015429687499999956 0.03827777777777768
1 0.562015625 0.3697916666666667 0.010859375000000115 0.03697222222222221
1 0.4904765625 0.3689305555555556 0.010648437500000107 0.037916666666666626
7 0.9126015625000001 0.45443055555555556 0.01433593749999984 0.03440277777777778
5 0.9434843750000002 0.4745138888888889 0.013960937499999826 0.04854166666666673
4 0.9599609375 0.4835138888888889 0.015187500000000131 0.03740277777777775
1 0.9748359375 0.48812500000000003 0.013875000000000082 0.04719444444444439