5 0.57421875 0.37955555555555553 0.015718750000000004 0.04101388888888883
5 0.9252968750000001 0.4765694444444445 0.013687500000000075 0.03620833333333332
7 0.89453125 0.46049999999999996 0.013328124999999913 0.03540277777777782
8 0.5048828125 0.3810833333333334 0.01602343749999996 0.040777777777777774
8 0.9096718750000001 0.4678888888888889 0.014226562499999984 0.03670833333333334
4 0.8784218750000001 0.45355555555555555 0.015078125000000053 0.03616666666666665
6 0.86328125 0.44834722222222223 0.014281250000000245 0.03586111111111122
6 0.487796875 0.38216666666666677 0.015367187500000101 0.041319444444444464
3 0.4140625 0.3802083333333333 0.015429687499999956 0.041638888888888954
7 0.4506875 0.3810833333333334 0.016156250000000094 0.040388888888888905
2 0.5551796875 0.3804305555555556 0.01678124999999997 0.04001388888888879
9 0.5219765625 0.3810833333333334 0.015671875000000002 0.03938888888888887
1 0.9565468750000001 0.48827777777777776 0.009929687500000117 0.03620833333333332
4 0.9409218750000001 0.48480555555555555 0.015484375000000217 0.03677777777777772
1 0.468265625 0.3810833333333334 0.010695312499999998 0.03879166666666656
1 0.54053125 0.38086111111111115 0.010906250000000117 0.03762500000000005
9 0.43115625 0.3802083333333333 0.016460937499999995 0.040777777777777774