2 0.5258828125 0.41384722222222226 0.015304687500000025 0.03827777777777768
8 0.474125 0.4164444444444444 0.01621874999999995 0.04047222222222224
5 0.8950234375000001 0.49609722222222224 0.013742187500000114 0.036347222222222086
6 0.83203125 0.469625 0.015078125000000053 0.03740277777777775
8 0.8784218750000001 0.4878472222222222 0.014453124999999956 0.03713888888888898
3 0.38598437500000005 0.4192777777777778 0.014617187500000073 0.03984722222222232
7 0.86328125 0.47959722222222223 0.014499999999999957 0.03620833333333332
5 0.5434609375 0.41276388888888893 0.01433593749999984 0.039166666666666766
9 0.4035625 0.4186250000000001 0.01596093750000005 0.04006944444444452
4 0.8461953125000001 0.47352777777777777 0.014734375000000188 0.03643055555555562
1 0.92578125 0.5078194444444445 0.009929687500000117 0.03683333333333335
7 0.421875 0.41818055555555556 0.015249999999999986 0.03836111111111112
6 0.45825 0.41797222222222224 0.015484374999999995 0.03930555555555553
9 0.491703125 0.4155833333333334 0.01518750000000002 0.03865277777777779
4 0.9116250000000001 0.5043472222222223 0.0163437500000001 0.03819444444444445
1 0.44018750000000006 0.41797222222222224 0.010367187499999986 0.036486111111111046
1 0.50928125 0.41450000000000004 0.009898437499999968 0.03656944444444448