3 0.340578125 0.4305555555555556 0.015015624999999977 0.039680555555555594
5 0.49535937500000005 0.4173194444444445 0.015250000000000041 0.039638888888888876
4 0.798828125 0.46744444444444444 0.015078125000000053 0.03713888888888898
8 0.427734375 0.4236111111111111 0.014953125000000123 0.03901388888888895
9 0.4436015625 0.4220972222222223 0.014062499999999978 0.03762500000000005
9 0.3583984375 0.42838888888888893 0.015601562499999999 0.03993055555555555
6 0.411625 0.42577777777777787 0.015601562499999999 0.039555555555555594
5 0.84765625 0.48654166666666665 0.01379687499999993 0.03656944444444458
2 0.4775390625 0.4192777777777778 0.015484374999999995 0.03819444444444445
7 0.8159218750000001 0.47179166666666666 0.014281250000000245 0.03500000000000014
1 0.880859375 0.49869444444444444 0.010132812499999755 0.03697222222222231
8 0.83203125 0.4800416666666667 0.014617187500000073 0.038444444444444455
4 0.8642578125 0.4939305555555556 0.015539062499999812 0.03762500000000005
7 0.37621875000000005 0.4270833333333333 0.014335937500000062 0.03748611111111108
6 0.7841796875 0.4635416666666667 0.015835937499999897 0.03870833333333337
1 0.39282031250000005 0.4262222222222223 0.009859375000000004 0.03545833333333329
1 0.4609375 0.41991666666666666 0.00996874999999997 0.03566666666666664