3 0.5102578125 0.39713888888888893 0.013125000000000053 0.036777777777777826
3 0.5258828125 0.3962638888888889 0.012968749999999973 0.03656944444444448
0 0.8828125 0.43033333333333335 0.016664062499999854 0.038791666666666606
9 0.57421875 0.39475000000000005 0.014499999999999957 0.037763888888889006
9 0.8958828125 0.4279583333333334 0.01475000000000004 0.03784722222222219
3 0.46240625 0.3997361111111111 0.013171874999999944 0.037763888888889006
0 0.49487500000000006 0.39822222222222226 0.015835937499999952 0.03697222222222221
0 0.4790078125 0.3993055555555556 0.015484374999999995 0.037347222222222226
0 0.54296875 0.3956111111111111 0.013898437499999972 0.036777777777777826
4 0.558109375 0.39540277777777777 0.014171875000000167 0.03691666666666668
2 0.604984375 0.3956111111111111 0.015015624999999977 0.03887499999999999
0 0.8530312500000001 0.43641666666666673 0.0163437500000001 0.04006944444444452
0 0.9106484375000001 0.42577777777777787 0.016460937500000217 0.03895833333333328
7 0.8663671875000001 0.43380555555555556 0.012890625000000044 0.038791666666666606
8 0.5913125 0.3943194444444445 0.015671875000000002 0.03955555555555554