3 0.4326171875 0.4160138888888889 0.012773437499999929 0.03691666666666668
0 0.51171875 0.4116805555555556 0.013898437499999972 0.036625000000000005
0 0.464359375 0.4149305555555556 0.01513281249999987 0.037194444444444405
4 0.5278359375 0.4114583333333333 0.014789062500000005 0.036347222222222184
0 0.448484375 0.4158055555555556 0.015429687499999956 0.03683333333333335
7 0.8310546875 0.4479166666666667 0.013171875000000055 0.03791666666666657
8 0.55859375 0.4105972222222223 0.014554687499999996 0.03727777777777784
9 0.542484375 0.41080555555555553 0.014281250000000023 0.036347222222222184
2 0.5732421875 0.41080555555555553 0.01467187499999989 0.03656944444444448
0 0.8754921875000001 0.43988888888888894 0.015718750000000004 0.03770833333333333
0 0.8178750000000001 0.4505277777777778 0.015835937499999897 0.039166666666666766
9 0.860171875 0.442486111111111 0.01500781249999994 0.03776388888888896
3 0.49535937500000005 0.41276388888888893 0.013742187499999947 0.037194444444444405
3 0.479734375 0.413625 0.013273437499999985 0.037347222222222226
0 0.8463984375000001 0.4467916666666667 0.01718749999999991 0.04161111111111119