8 0.53125 0.41818055555555556 0.014117187499999906 0.03697222222222221
0 0.8461953125000001 0.44487499999999996 0.014554687499999996 0.037055555555555446
3 0.46875 0.4210138888888889 0.012625000000000108 0.03586111111111122
3 0.4533671875 0.4220972222222223 0.012531249999999994 0.036625000000000005
9 0.515140625 0.4192777777777778 0.013531249999999995 0.03608333333333332
0 0.4379921875 0.4236111111111111 0.014835937500000007 0.03608333333333332
3 0.4067421875 0.4255694444444445 0.012625000000000108 0.03656944444444448
2 0.5458984375 0.4188333333333334 0.014281250000000023 0.036708333333333246
9 0.8310546875 0.4479166666666667 0.015484375000000217 0.03727777777777779
0 0.42260937500000006 0.42491666666666666 0.014734374999999966 0.036347222222222184
7 0.8017578125 0.454 0.013742187500000114 0.03805555555555548
0 0.818359375 0.4505277777777778 0.016281250000000025 0.037763888888889006
0 0.4846171875 0.4205694444444445 0.012828125000000079 0.03526388888888891
4 0.5 0.41991666666666666 0.013796875000000097 0.03554166666666673
0 0.788578125 0.45702777777777776 0.015429687499999956 0.037763888888889006