3 0.4348125 0.44336111111111115 0.012867187500000044 0.03554166666666668
3 0.4194375 0.4444444444444444 0.012726562499999927 0.03559722222222225
9 0.7934609375 0.4670138888888889 0.014734374999999966 0.036347222222222086
3 0.37426562500000005 0.4479166666666667 0.01277343750000004 0.03586111111111122
0 0.7797890625 0.4704861111111111 0.014499999999999957 0.03656944444444458
9 0.48120312500000006 0.4414027777777778 0.013687499999999964 0.03656944444444448
4 0.4653359375 0.4418472222222223 0.014171875000000056 0.03599999999999998
7 0.7641640625 0.47352777777777777 0.012921874999999972 0.037194444444444405
0 0.4047890625 0.4461805555555556 0.014617187500000073 0.03594444444444441
0 0.4506875 0.4427083333333333 0.0139531249999999 0.03580555555555555
8 0.49682812500000006 0.4409722222222222 0.014062500000000033 0.03691666666666668
2 0.5107421875 0.4411944444444445 0.014281250000000023 0.03656944444444453
0 0.38940625 0.4479166666666667 0.014226562499999984 0.03580555555555555
0 0.80859375 0.46484722222222224 0.015304687500000025 0.03754166666666671
0 0.75146875 0.47612499999999996 0.014835937500000007 0.03813888888888902