0 0.7529296875 0.4756944444444444 0.01467187499999989 0.036347222222222086
9 0.76709375 0.47265277777777776 0.01513281249999987 0.03643055555555562
3 0.40796093750000006 0.4513888888888889 0.011914062500000044 0.03526388888888891
3 0.39282031250000005 0.45269444444444445 0.012101562500000052 0.03559722222222225
9 0.4541015625 0.4487916666666667 0.013374999999999915 0.03580555555555555
3 0.34765625 0.4557361111111111 0.012867187500000044 0.03629166666666666
0 0.37817187500000005 0.454 0.014062499999999978 0.03572222222222226
7 0.7373046875 0.4791666666666667 0.012921874999999972 0.03727777777777774
8 0.46948437500000006 0.44834722222222223 0.013429687500000065 0.036708333333333294
4 0.43871875 0.4496527777777778 0.013531249999999995 0.03554166666666668
0 0.7822265625 0.4704861111111111 0.01513281249999987 0.03762500000000005
0 0.42358593750000006 0.4505277777777778 0.013171874999999944 0.035180555555555576
0 0.7255859375 0.48220833333333335 0.01513281249999987 0.037972222222222345
2 0.483890625 0.4479166666666667 0.013585937500000034 0.036347222222222135
0 0.364015625 0.4548611111111111 0.01518750000000002 0.03572222222222226