0 0.7309609375 0.46875 0.015015624999999977 0.036625000000000005
3 0.371828125 0.4470555555555556 0.011914062500000044 0.035000000000000094
3 0.38671875 0.44487499999999996 0.011781250000000076 0.03431944444444449
9 0.4318828125 0.44205555555555553 0.013328124999999913 0.03477777777777775
9 0.74365625 0.4661527777777778 0.015078125000000053 0.03677777777777772
3 0.3266640625 0.45095833333333335 0.012531249999999994 0.03643055555555562
8 0.447265625 0.4418472222222223 0.013531249999999995 0.03554166666666668
4 0.4169921875 0.44336111111111115 0.013429687500000065 0.03440277777777778
7 0.71484375 0.4722222222222222 0.012570312499999847 0.03727777777777774
0 0.7016640625 0.47526388888888893 0.014390625000000101 0.037972222222222345
0 0.3422890625 0.4496527777777778 0.014789062500000005 0.03545833333333329
2 0.46215625 0.4420555555555555 0.014226562499999984 0.03566666666666659
0 0.35668750000000005 0.4487916666666667 0.014835937500000007 0.03545833333333329
0 0.759765625 0.4635416666666667 0.014835937500000007 0.037763888888889006
0 0.4021875 0.44525 0.016046875000000016 0.03711111111111112