0 0.7109375 0.4626805555555556 0.015015624999999977 0.03691666666666668
3 0.36475 0.43988888888888894 0.012429687499999953 0.034722222222222224
3 0.34985156250000005 0.4411944444444445 0.012054687499999939 0.03452777777777784
9 0.724125 0.45876388888888886 0.01513281249999987 0.037055555555555446
9 0.4106484375 0.43727777777777777 0.013273437499999985 0.03554166666666673
8 0.4260234375 0.4366388888888889 0.01400781250000005 0.03594444444444441
3 0.305421875 0.44487499999999996 0.012289062500000059 0.0347777777777777
0 0.33520312500000005 0.44313888888888886 0.014554687499999996 0.03526388888888886
0 0.3200703125 0.4444444444444444 0.014007812499999939 0.035180555555555576
4 0.3950234375 0.438375 0.013531249999999995 0.0347777777777777
7 0.694828125 0.4661527777777778 0.012429687500000064 0.03620833333333332
0 0.38012500000000005 0.4390138888888888 0.013484374999999993 0.034319444444444444
0 0.681640625 0.46918055555555555 0.014898437499999861 0.037763888888889006
2 0.44018750000000006 0.43641666666666673 0.014453124999999956 0.03594444444444441
0 0.7392578125 0.4574722222222223 0.015249999999999986 0.03691666666666668