0 0.6962890625 0.47179166666666666 0.01698437500000005 0.03955555555555554
3 0.32690625 0.454 0.01257031250000007 0.037055555555555446
3 0.3422890625 0.45181944444444444 0.012382812500000062 0.03608333333333332
9 0.3884296875 0.4479166666666667 0.013429687500000065 0.03572222222222226
3 0.2817421875 0.4565972222222222 0.01257031250000007 0.03791666666666657
9 0.7085 0.46875 0.014835937500000007 0.03784722222222214
8 0.4038125 0.44748611111111114 0.014171875000000056 0.03697222222222226
7 0.6782265625 0.4765694444444445 0.013374999999999915 0.039013888888888855
4 0.3725625 0.44922222222222224 0.013328124999999913 0.036486111111111046
0 0.2966328125 0.4557361111111111 0.015132812499999981 0.036486111111111046
0 0.31176562500000005 0.45443055555555556 0.014671875000000001 0.036708333333333294
0 0.3579140625 0.4505277777777778 0.013218749999999946 0.03526388888888891
2 0.4184609375 0.4470555555555556 0.014062499999999978 0.03697222222222226
0 0.6645546875 0.47959722222222223 0.015304687500000025 0.039013888888888855
0 0.724125 0.4670138888888889 0.015015624999999977 0.038486111111111124