0 0.683109375 0.46831944444444445 0.014835937500000007 0.03813888888888902
3 0.32446093750000005 0.4461805555555556 0.01223437500000002 0.03580555555555555
3 0.3090859375 0.4479166666666667 0.012531249999999994 0.03616666666666665
9 0.697265625 0.4644166666666667 0.015429687499999956 0.03813888888888902
0 0.293703125 0.4496527777777778 0.015078124999999942 0.036625000000000005
3 0.2634296875 0.4522638888888889 0.013070312500000014 0.03677777777777777
8 0.3872109375 0.4427083333333333 0.013429687500000065 0.03691666666666668
9 0.3715859375 0.44336111111111115 0.013742187500000003 0.036486111111111046
4 0.354984375 0.4444444444444444 0.014554687499999996 0.036347222222222135
7 0.666015625 0.4722222222222222 0.013687500000000075 0.039083333333333234
0 0.34008593750000005 0.44487499999999996 0.013742187500000003 0.03580555555555555
0 0.2783203125 0.4513888888888889 0.01439062499999999 0.036347222222222135
2 0.401859375 0.442486111111111 0.014734374999999966 0.03643055555555557
0 0.65234375 0.47526388888888893 0.015187500000000131 0.04006944444444452
0 0.7133828125 0.4618055555555556 0.01578125000000008 0.03955555555555554