0 0.2614765625 0.4453194444444445 0.015078124999999942 0.037763888888889006
3 0.307375 0.4411944444444445 0.013023437500000012 0.03643055555555562
3 0.2919921875 0.44313888888888886 0.012531249999999994 0.03643055555555557
0 0.2771015625 0.44401388888888893 0.01439062499999999 0.037194444444444405
0 0.6743203125 0.4644166666666667 0.015671875000000002 0.03930555555555553
8 0.3720703125 0.4377222222222223 0.014734374999999966 0.03805555555555548
3 0.24560937500000002 0.44748611111111114 0.013171875000000027 0.03791666666666657
4 0.338625 0.4396666666666667 0.014671875000000001 0.036708333333333246
9 0.68896875 0.4618055555555556 0.015484374999999995 0.03984722222222227
9 0.35571093750000005 0.438375 0.014226562499999984 0.03734722222222217
7 0.6572265625 0.46875 0.013843749999999932 0.03955555555555554
0 0.323734375 0.43988888888888894 0.014335937500000062 0.036347222222222135
0 0.642578125 0.47179166666666666 0.015671875000000002 0.04047222222222224
2 0.38696093750000005 0.4372777777777777 0.015249999999999986 0.03776388888888896
0 0.7055703125 0.45876388888888886 0.015835937499999897 0.040222222222222236