3 0.2580546875 0.4357638888888889 0.013273437499999985 0.038958333333333234
3 0.24170312500000002 0.43706944444444445 0.013484374999999993 0.039013888888888903
9 0.308109375 0.43272222222222223 0.014671875000000001 0.03925000000000001
0 0.6469765625 0.4618055555555556 0.016843750000000046 0.04212500000000002
7 0.628421875 0.4661527777777778 0.01467187499999989 0.04204166666666668
0 0.27490625 0.4344583333333334 0.015249999999999986 0.03887499999999999
3 0.19299218750000002 0.4414027777777778 0.014171875 0.04115277777777779
9 0.6626015625 0.4592083333333334 0.016406249999999956 0.04300000000000005
0 0.20959375 0.43988888888888894 0.0161015625 0.03947222222222221
0 0.2255859375 0.43858333333333327 0.0161015625 0.03963888888888883
4 0.291015625 0.4340277777777778 0.015484374999999995 0.03993055555555555
0 0.61328125 0.46875 0.01678124999999997 0.04334722222222235
8 0.3251953125 0.4320694444444444 0.014953125000000012 0.040611111111111105
2 0.3413125 0.4316388888888889 0.016101562500000055 0.04015277777777775
0 0.6801796875 0.4557361111111111 0.017437499999999995 0.043083333333333335