3 0.22973437500000002 0.4385833333333334 0.014062499999999978 0.04038888888888895
3 0.21240625000000002 0.43988888888888894 0.014171875 0.04084722222222221
9 0.6528359375 0.4635416666666667 0.017578125 0.04375000000000003
0 0.636234375 0.46744444444444444 0.016921874999999975 0.043680555555555695
8 0.2998046875 0.43445833333333334 0.016023437500000015 0.041805555555555575
9 0.2817421875 0.43511111111111106 0.015484374999999995 0.041069444444444506
3 0.16235156250000002 0.44401388888888893 0.01439062499999999 0.041805555555555624
7 0.616703125 0.4722222222222222 0.01560156250000011 0.04416666666666656
0 0.196046875 0.4411944444444445 0.016781250000000025 0.04115277777777774
4 0.2639140625 0.4359861111111112 0.017437499999999995 0.04077777777777783
0 0.2473125 0.43706944444444445 0.016023437499999987 0.04069444444444434
0 0.671875 0.46137500000000004 0.01839843749999992 0.04431944444444443
0 0.601078125 0.47526388888888893 0.017179687500000096 0.04554166666666662
0 0.1794453125 0.4427083333333333 0.016726562500000042 0.04069444444444434
2 0.3161640625 0.43445833333333334 0.017179687499999985 0.041805555555555575