0 0.1137734375 0.43511111111111117 0.0190546875 0.04543055555555561
3 0.1501484375 0.4320694444444444 0.015249999999999986 0.04491666666666669
0 0.611328125 0.4678888888888889 0.019164062500000023 0.048583333333333395
0 0.1324453125 0.433375 0.018539062500000023 0.04519444444444441
3 0.16821093750000002 0.4305555555555556 0.01518750000000002 0.04343055555555549
8 0.2437734375 0.42751388888888897 0.01771874999999995 0.04570833333333334
7 0.58984375 0.4730972222222223 0.017382812499999956 0.04931944444444447
4 0.20532031250000002 0.42904166666666677 0.01809375000000002 0.04431944444444443
9 0.6293984375 0.4644166666666667 0.019054687500000167 0.048013888888888995
0 0.18664843750000001 0.42990277777777774 0.01785156250000003 0.04408333333333333
9 0.22473437500000004 0.4279583333333334 0.016726562499999986 0.044597222222222205
3 0.09533593750000001 0.4359861111111112 0.016664062499999993 0.046583333333333324
2 0.261234375 0.42751388888888897 0.01901562499999998 0.04570833333333334
0 0.5712890625 0.4756944444444444 0.020140625000000023 0.051027777777777866
0 0.650390625 0.46137500000000004 0.019421874999999922 0.047847222222222326