0 0.0831328125 0.4299027777777778 0.019375000000000003 0.047666666666666746
0 0.10143750000000001 0.42925 0.020218750000000008 0.04719444444444449
0 0.6001015625 0.47005555555555556 0.01971093749999997 0.05170833333333332
3 0.13879687500000001 0.42643055555555553 0.015835937500000008 0.045791666666666724
3 0.11963281250000002 0.42773611111111115 0.015960937500000008 0.0467638888888888
7 0.5771484375 0.47438888888888886 0.018429687499999847 0.05191666666666666
9 0.19653125000000002 0.4238333333333334 0.0171015625 0.04570833333333329
9 0.6201171875 0.4661527777777778 0.020062500000000094 0.05122222222222225
4 0.17590625000000001 0.4244861111111111 0.019499999999999962 0.04570833333333329
3 0.0629296875 0.4305555555555556 0.017640625000000014 0.047750000000000035
8 0.21631250000000002 0.4236111111111111 0.018343749999999992 0.04820833333333338
0 0.6411171875 0.46311111111111114 0.020492187499999925 0.0506388888888889
2 0.23461718750000002 0.4236111111111111 0.019374999999999976 0.048583333333333395
0 0.558109375 0.4774305555555556 0.020523437500000075 0.053416666666666716
0 0.1572265625 0.42577777777777776 0.01799218749999998 0.046847222222222235