0 0.13879687500000001 0.4205694444444445 0.01785156250000003 0.04641666666666665
0 0.0823984375 0.4233888888888888 0.02049218749999998 0.04784722222222228
3 0.1187734375 0.4210138888888889 0.01621874999999999 0.04684722222222229
3 0.0997890625 0.4220972222222223 0.016156249999999983 0.04758333333333336
0 0.0633515625 0.4244861111111111 0.019687499999999997 0.0476666666666667
0 0.5883828125 0.47352777777777777 0.020367187499999995 0.05330555555555547
7 0.5654296875 0.4774305555555556 0.018796875000000046 0.052819444444444405
9 0.1774921875 0.4192777777777778 0.01777343749999999 0.046680555555555614
3 0.04428125 0.4244861111111111 0.0173046875 0.04719444444444444
9 0.609375 0.469625 0.020218750000000174 0.052819444444444405
8 0.1976328125 0.4188333333333334 0.01839843750000003 0.04820833333333338
4 0.1566171875 0.41991666666666666 0.01927343749999999 0.046583333333333324
0 0.6318359375 0.46570833333333334 0.021117187500000023 0.053527777777777764
2 0.2165546875 0.4201388888888889 0.01983593750000001 0.04847222222222215
0 0.544921875 0.4800416666666667 0.01968750000000008 0.054638888888888855