0 0.042023437500000003 0.4164444444444444 0.01971093750000001 0.04847222222222215
3 0.09771875000000001 0.41427777777777774 0.0161015625 0.048666666666666636
3 0.0786171875 0.41450000000000004 0.016726562499999986 0.0495
0 0.5756875 0.4756944444444444 0.02096874999999998 0.05444444444444447
9 0.15649218750000002 0.41341666666666677 0.018374999999999975 0.048319444444444436
0 0.060304687499999995 0.4155833333333334 0.019757812499999992 0.04904166666666655
7 0.55225 0.4800416666666667 0.01945312500000007 0.05433333333333342
8 0.17700000000000002 0.41341666666666677 0.018984374999999998 0.049430555555555616
4 0.1355 0.41384722222222226 0.020062499999999983 0.048013888888888995
0 0.11694531250000001 0.41341666666666677 0.01994531249999998 0.048124999999999946
9 0.597171875 0.4722222222222222 0.0202500000000001 0.05433333333333342
3 0.0231484375 0.4164444444444444 0.01684375 0.04997222222222221
0 0.620609375 0.46875 0.02132812499999992 0.05484722222222219
0 0.530765625 0.48220833333333335 0.020367187499999995 0.05620833333333329
2 0.19580468750000002 0.41450000000000004 0.019914062499999996 0.04877777777777778