3 0.022218750000000002 0.4004305555555556 0.019296875 0.054027777777777786
3 0.07696875 0.39713888888888893 0.01853906249999998 0.04969444444444439
3 0.0948515625 0.39713888888888893 0.017437499999999995 0.04886111111111102
0 0.0411484375 0.3990277777777778 0.018414062499999995 0.051041666666666624
0 0.0594140625 0.398 0.019117187499999994 0.0489305555555556
0 0.11517187499999999 0.39713888888888893 0.019273437500000018 0.04877777777777778
4 0.1331796875 0.39713888888888893 0.019835937499999998 0.04886111111111102
9 0.15231250000000002 0.398 0.018507812499999998 0.049430555555555616
8 0.17443750000000002 0.39779166666666677 0.01927343749999999 0.04969444444444439
2 0.1923828125 0.39865277777777774 0.020648437500000005 0.049805555555555533
7 0.5458984375 0.4704861111111111 0.017304687500000027 0.053416666666666716
0 0.5712890625 0.46744444444444444 0.021242187499999954 0.05444444444444447
9 0.593265625 0.46484722222222224 0.021210937500000027 0.054638888888888903
0 0.5263671875 0.47352777777777777 0.021039062500000094 0.05686111111111103
0 0.6162109375 0.46223611111111107 0.021984375000000167 0.05495833333333344