8 0.1689453125 0.390625 0.01882812500000003 0.04904166666666655
3 0.073671875 0.3873750000000001 0.01658593749999998 0.04923611111111113
9 0.1492890625 0.3899722222222222 0.019085937499999983 0.04838888888888891
3 0.09173437499999999 0.3875833333333334 0.01684374999999999 0.04820833333333338
2 0.18774218750000002 0.3923611111111111 0.020367187499999995 0.04838888888888891
9 0.5869140625 0.4670138888888889 0.021164062500000025 0.05504166666666663
4 0.12878125 0.38954166666666673 0.019789062499999996 0.047750000000000035
0 0.03854687500000001 0.3878055555555556 0.020718749999999994 0.04877777777777778
0 0.1104765625 0.38866666666666666 0.018156250000000013 0.04847222222222215
3 0.0203671875 0.38866666666666666 0.018507812499999998 0.049805555555555533
0 0.05560156250000001 0.3873750000000001 0.021085937500000006 0.049430555555555616
7 0.542484375 0.47179166666666666 0.017718750000000005 0.05433333333333342
0 0.564453125 0.46918055555555555 0.021773437499999826 0.05433333333333337
0 0.51953125 0.47438888888888886 0.02084375000000005 0.05652777777777788
0 0.6103515625 0.46570833333333334 0.022031249999999947 0.055986111111111195