8 0.17248437500000002 0.36697222222222226 0.019640624999999967 0.048666666666666636
0 0.061765625000000005 0.36241666666666666 0.019640624999999995 0.04719444444444449
2 0.18994531250000002 0.3689305555555556 0.021039062499999983 0.04784722222222223
9 0.5830078125 0.453125 0.020062500000000094 0.055361111111111166
3 0.07934375 0.36241666666666666 0.016664062499999993 0.04793055555555556
4 0.1325703125 0.36523611111111115 0.019499999999999976 0.046763888888888855
9 0.15283593750000002 0.3663194444444444 0.01879687499999999 0.04847222222222215
0 0.11475 0.36415277777777777 0.01901562499999998 0.04719444444444449
0 0.043609375000000006 0.36219444444444443 0.02014062500000001 0.047472222222222214
3 0.027375000000000003 0.3613333333333334 0.01615625 0.04712500000000001
3 0.0948515625 0.36350000000000005 0.018718750000000006 0.0476666666666667
0 0.562015625 0.453125 0.021625000000000005 0.055986111111110994
7 0.5395546875 0.45616666666666666 0.016726562500000153 0.05444444444444447
9 0.6069375 0.4505277777777778 0.021039062500000094 0.055361111111111166
0 0.5166015625 0.4574722222222223 0.02084375000000005 0.05706944444444452