0 0.067203125 0.33225 0.020492187499999988 0.04676388888888895
3 0.1171875 0.3335555555555556 0.016156249999999997 0.04613888888888883
8 0.19092187500000002 0.3394166666666667 0.018874999999999975 0.04758333333333336
7 0.546875 0.4346805555555556 0.020062500000000094 0.05330555555555552
0 0.1351328125 0.33529166666666665 0.018765625000000008 0.04633333333333331
0 0.569828125 0.4327222222222223 0.021648437500000117 0.05411111111111117
0 0.0834375 0.33311111111111114 0.018937499999999996 0.04712500000000001
9 0.17175 0.3378888888888889 0.0180546875 0.047041666666666676
3 0.100890625 0.3335555555555556 0.015671875000000002 0.046583333333333324
9 0.5908203125 0.4320694444444444 0.020445312500000146 0.05330555555555557
0 0.525390625 0.4357638888888889 0.02089062500000005 0.05484722222222219
3 0.048671875 0.3305138888888889 0.017242187499999992 0.046499999999999986
0 0.6137734375 0.4309861111111112 0.021648437500000117 0.05401388888888888
2 0.2086171875 0.3417916666666667 0.019374999999999976 0.045708333333333385
4 0.15185937500000002 0.3374583333333334 0.020296874999999992 0.04758333333333336