2 0.22180468750000004 0.32769444444444445 0.019914062499999996 0.046499999999999986
0 0.100890625 0.31727777777777777 0.018875000000000003 0.04519444444444451
0 0.15234375 0.32075000000000004 0.017515625000000035 0.043513888888888824
8 0.20592968749999999 0.3255277777777778 0.017179687499999985 0.046222222222222165
0 0.0844765625 0.316625 0.01956250000000001 0.044680555555555536
9 0.1872578125 0.32356944444444447 0.018187499999999968 0.044763888888888874
4 0.16943750000000002 0.3229166666666667 0.016781250000000025 0.04188888888888896
0 0.5751953125 0.4220972222222223 0.0202500000000001 0.05191666666666666
3 0.06915625 0.3153194444444445 0.014953125000000012 0.04443055555555553
3 0.11859375000000001 0.31727777777777777 0.01583593749999998 0.044680555555555536
3 0.13489062500000001 0.3183611111111111 0.015249999999999986 0.04443055555555553
9 0.5961953125 0.42144444444444445 0.01999218749999998 0.05162499999999998
0 0.5322265625 0.4236111111111111 0.01991406250000005 0.052819444444444405
0 0.61865625 0.42079166666666673 0.02092187499999998 0.05259722222222226
7 0.5546875 0.4229583333333333 0.017515625000000146 0.05102777777777777