9 0.599609375 0.41948611111111106 0.019421874999999922 0.05015277777777779
8 0.22289843750000002 0.3194444444444444 0.01785156250000003 0.044763888888888874
9 0.20544531250000003 0.31727777777777777 0.0171015625 0.04408333333333333
3 0.1533203125 0.31206944444444445 0.014898437499999972 0.04283333333333328
4 0.1872578125 0.3164027777777778 0.018374999999999975 0.04343055555555549
2 0.239015625 0.3222638888888889 0.018398437499999976 0.04391666666666665
0 0.17053125000000002 0.31380555555555556 0.01777343749999999 0.04283333333333328
0 0.12219531249999999 0.3094583333333334 0.018507812499999984 0.043513888888888824
3 0.13891406250000002 0.3118472222222223 0.013843750000000044 0.042430555555555555
0 0.1066875 0.3090277777777778 0.0190546875 0.04326388888888882
3 0.09155468750000001 0.30772222222222223 0.015781249999999997 0.043513888888888824
0 0.5791015625 0.4199166666666667 0.0202500000000001 0.04997222222222226
7 0.556640625 0.4192777777777778 0.016156250000000094 0.048666666666666636
0 0.537109375 0.4210138888888889 0.0197890624999999 0.05113888888888892
0 0.6215859375 0.4199166666666666 0.02002343750000013 0.0513194444444445