3 0.16174218750000002 0.3116388888888889 0.01439062499999999 0.042430555555555555
3 0.146 0.31011111111111117 0.014789062500000005 0.04291666666666662
9 0.2109375 0.3177083333333333 0.01730468749999997 0.04343055555555549
8 0.228515625 0.32009722222222226 0.018539062500000036 0.04519444444444451
9 0.5986328125 0.42426388888888894 0.01968750000000008 0.049805555555555533
2 0.24401562499999996 0.32356944444444447 0.0193046875 0.043833333333333314
0 0.130375 0.30925 0.018265625000000008 0.0426666666666666
0 0.17797656250000002 0.3140138888888889 0.017179687499999985 0.04283333333333328
0 0.1143828125 0.30925 0.018906249999999986 0.043833333333333314
0 0.578125 0.4244861111111111 0.020062500000000094 0.04997222222222221
3 0.0987578125 0.3075138888888889 0.01809375000000002 0.04343055555555549
0 0.537109375 0.42491666666666666 0.019421874999999922 0.05045833333333342
0 0.6201171875 0.42426388888888894 0.02017187499999995 0.05074999999999995
4 0.19378906250000003 0.31630555555555556 0.01694531250000003 0.04695833333333334
7 0.5576171875 0.42491666666666666 0.018507812499999998 0.04886111111111107