3 0.14709375 0.30837500000000007 0.014898437499999972 0.04218055555555554
3 0.16260156250000002 0.3099027777777778 0.014898437499999972 0.041805555555555624
8 0.22864062500000004 0.3185833333333334 0.018374999999999975 0.04491666666666669
9 0.21130468750000003 0.31575000000000003 0.01738281250000001 0.04291666666666662
9 0.5961953125 0.42751388888888886 0.018874999999999975 0.05015277777777779
2 0.2443828125 0.32248611111111114 0.019085937499999955 0.04416666666666666
0 0.17846875 0.31206944444444445 0.016664062499999965 0.04204166666666668
0 0.13196093750000001 0.30686111111111114 0.018296875000000004 0.041805555555555624
0 0.1167578125 0.3055555555555556 0.018187499999999968 0.041319444444444464
0 0.5756875 0.42643055555555553 0.019500000000000073 0.0500694444444444
7 0.55615625 0.4262222222222223 0.017179687500000096 0.04886111111111107
3 0.0999765625 0.3049027777777778 0.017515625000000007 0.042430555555555555
0 0.6176796875 0.4270833333333333 0.0202500000000001 0.050263888888888934
0 0.5341796875 0.4262222222222223 0.018828124999999973 0.05113888888888892
4 0.19396875000000002 0.3135833333333334 0.0171015625 0.04147222222222228