8 0.69678125 0.3611111111111111 0.015539062500000034 0.04047222222222224
3 0.611328125 0.362625 0.014953125000000123 0.03993055555555555
2 0.7119140625 0.3611111111111111 0.015671875000000002 0.039638888888888876
3 0.6279296875 0.3613333333333334 0.015304687500000025 0.03993055555555555
9 0.6787109375 0.3604583333333333 0.01467187499999989 0.040222222222222236
0 0.646 0.3611111111111111 0.016101562499999833 0.03925000000000001
3 0.5600625 0.36393055555555553 0.013796875000000153 0.04015277777777775
0 0.577640625 0.3632777777777778 0.016843750000000046 0.04015277777777775
0 0.59521875 0.362625 0.017304687500000027 0.04047222222222224
4 0.6630859375 0.3611111111111111 0.016101562499999833 0.04047222222222224
7 0.98815625 0.40755555555555556 0.011828124999999856 0.04451388888888887
0 0.9736328125 0.40906944444444443 0.01698437499999983 0.04359722222222216