0 0.9663125000000001 0.4201388888888889 0.018539062499999925 0.040930555555555595
9 0.6489296875 0.37955555555555553 0.014171875000000167 0.03844444444444436
2 0.6806640625 0.3802083333333333 0.015367187500000101 0.03901388888888895
9 0.9780312500000001 0.41775 0.01698437499999983 0.040222222222222236
3 0.5981484375 0.3804305555555556 0.014226562499999984 0.03925000000000001
8 0.6650390625 0.3799861111111111 0.01467187499999989 0.03984722222222232
0 0.6162109375 0.3804305555555556 0.015367187500000101 0.03865277777777779
0 0.56640625 0.38259722222222226 0.01678124999999997 0.04001388888888879
3 0.5322265625 0.3851944444444444 0.014117187499999906 0.04101388888888883
0 0.5498046875 0.3834583333333333 0.01621874999999995 0.04001388888888879
4 0.6333046875 0.3802083333333333 0.015484374999999995 0.037763888888889006
7 0.9482421875 0.42275 0.015484375000000217 0.04030555555555557
0 0.9350625000000001 0.4255694444444445 0.01672656249999993 0.04172222222222214
3 0.5825234375 0.38216666666666677 0.014499999999999957 0.03947222222222221
9 0.9953125 0.4152777777777778 0.009374999999999911 0.041666666666666664
9 0.9953125 0.4152777777777778 0.009374999999999911 0.041666666666666664
0 0.9956015625 0.41579166666666667 0.0087890625 0.040777777777777774
0 0.9934921875 0.41579166666666667 0.013015624999999864 0.040777777777777774