8 0.6411171875 0.3860694444444445 0.01467187499999989 0.03836111111111112
3 0.5600625 0.3878055555555556 0.013796875000000153 0.03827777777777768
3 0.576171875 0.3873750000000001 0.013843749999999932 0.03813888888888892
2 0.65625 0.38672222222222224 0.014554687499999996 0.037055555555555446
7 0.9184609375000001 0.4279583333333334 0.014835937499999785 0.039638888888888876
0 0.5444375 0.38866666666666666 0.01621874999999995 0.03836111111111112
0 0.593265625 0.3873750000000001 0.014617187500000073 0.03784722222222224
0 0.5278359375 0.3899722222222222 0.015015624999999977 0.03805555555555548
9 0.9497109375000001 0.4223055555555556 0.01672656249999993 0.03865277777777779
3 0.511234375 0.3915 0.014617187500000073 0.03797222222222225
0 0.9365234375 0.4244861111111111 0.017851562499999973 0.04069444444444434
9 0.6240234375 0.38584722222222223 0.014117187499999906 0.03827777777777768
4 0.608890625 0.38672222222222224 0.01433593749999984 0.038486111111111124
0 0.9643593750000001 0.4205694444444445 0.015304687500000025 0.03925000000000001
0 0.90625 0.4305555555555556 0.01513281249999987 0.03993055555555555