9 0.9223671875000001 0.42686111111111114 0.016585937499999925 0.03805555555555554
0 0.91015625 0.4285972222222222 0.017179687499999874 0.03908333333333333
3 0.537109375 0.393875 0.013898437499999972 0.03797222222222225
8 0.6171875 0.3915 0.014734374999999966 0.038486111111111124
3 0.552734375 0.39301388888888894 0.013585937500000034 0.03748611111111108
0 0.521484375 0.39475000000000005 0.015367187500000101 0.03748611111111108
2 0.632328125 0.3923611111111111 0.014835937500000007 0.03827777777777768
4 0.5859375 0.39193055555555556 0.014453124999999956 0.036347222222222184
0 0.505375 0.3956111111111111 0.015601562500000055 0.037916666666666626
9 0.601078125 0.3910555555555556 0.014789062500000005 0.03770833333333328
0 0.9379921875000001 0.4238333333333334 0.015835937499999897 0.03887499999999999
0 0.569828125 0.3925833333333334 0.013171874999999833 0.03697222222222221
3 0.4885234375 0.39691666666666664 0.013687499999999964 0.03865277777777779
0 0.8803750000000001 0.43511111111111117 0.016585937499999925 0.040930555555555644
7 0.892578125 0.432513888888889 0.014117187500000128 0.038958333333333234