5 0.46753124999999995 0.2142962962962963 0.013427083333333312 0.038444444444444455
6 0.484375 0.20942592592592593 0.015249999999999986 0.03896296296296294
1 0.8676770833333334 0.4136296296296297 0.010447916666666668 0.03705555555555554
2 0.8999062499999999 0.41818518518518516 0.015604166666666641 0.03864814814814811
7 0.83446875 0.4062592592592592 0.013635416666666567 0.036703703703703655
0 0.88525 0.4157962962962963 0.01678124999999997 0.03896296296296301
3 0.8017604166666668 0.4016851851851852 0.015250000000000208 0.04014814814814817
5 0.4975625 0.20507407407407408 0.013218750000000057 0.036925925925925904
9 0.8178749999999999 0.4032037037037037 0.014385416666666595 0.03827777777777778
4 0.8505833333333332 0.4086296296296296 0.013374999999999915 0.03775925925925922
7 0.5122083333333334 0.19877777777777778 0.012625000000000108 0.03431481481481481
4 0.5297812499999999 0.1927037037037037 0.015364583333333348 0.036574074074074064
9 0.5424791666666666 0.19064814814814815 0.01461458333333332 0.036925925925925904