5 0.43603125 0.21712962962962962 0.012333333333333418 0.038351851851851845
6 0.45288541666666665 0.21050000000000002 0.015302083333333383 0.03896296296296296
5 0.4665520833333333 0.20681481481481484 0.014447916666666671 0.03798148148148144
1 0.8364270833333334 0.40494444444444444 0.009739583333333135 0.03629629629629635
9 0.7861354166666668 0.39735185185185184 0.015302083333333494 0.03864814814814811
2 0.869625 0.41014814814814815 0.015364583333333348 0.03887037037037041
7 0.8027395833333333 0.3997407407407408 0.014010416666666803 0.03762962962962963
7 0.48144791666666664 0.1991111111111111 0.01229166666666659 0.033481481481481494
0 0.8535208333333333 0.4077777777777778 0.016583333333333394 0.038500000000000076
3 0.7690416666666666 0.3958333333333333 0.013531249999999995 0.0390925925925926
4 0.4978020833333333 0.19368518518518518 0.01373958333333336 0.035129629629629636
4 0.8198229166666666 0.4032037037037037 0.015072916666666769 0.03827777777777778
9 0.5122083333333334 0.19098148148148147 0.014729166666666682 0.03783333333333334