3 0.74609375 0.3925740740740741 0.014062500000000089 0.039
5 0.4123541666666667 0.2198333333333333 0.012822916666666573 0.03805555555555554
7 0.45801041666666664 0.2005185185185185 0.013072916666666656 0.03518518518518521
6 0.42895833333333333 0.21353703703703703 0.014958333333333296 0.03887037037037041
4 0.796875 0.3997407407407408 0.015604166666666641 0.03762962962962963
2 0.8466770833333332 0.4058148148148148 0.01589583333333322 0.03968518518518523
7 0.77978125 0.39735185185185184 0.013635416666666567 0.0374814814814815
0 0.8310520833333332 0.40429629629629626 0.017104166666666698 0.03896296296296301
9 0.7622083333333334 0.3940925925925926 0.014666666666666606 0.038351851851851845
5 0.442875 0.20724074074074073 0.012927083333333256 0.03566666666666664
1 0.8139687499999999 0.4019074074074074 0.010166666666666657 0.036574074074074064
4 0.47241666666666665 0.1927037037037037 0.011552083333333352 0.033888888888888906
9 0.48755208333333333 0.19162962962962965 0.014843750000000044 0.03683333333333335