3 0.7119166666666668 0.3925740740740741 0.013895833333333218 0.040074074074074005
5 0.3784166666666666 0.22590740740740736 0.012479166666666708 0.03814814814814812
5 0.40893749999999995 0.21322222222222223 0.012572916666666711 0.03735185185185181
1 0.7788124999999999 0.3997407407407408 0.010447916666666668 0.036629629629629595
7 0.4243125 0.2064814814814815 0.011781249999999965 0.03500000000000002
6 0.3950208333333334 0.21951851851851853 0.014729166666666682 0.03814814814814812
9 0.729 0.39322222222222225 0.014781249999999968 0.039462962962962936
7 0.7475624999999999 0.3958333333333333 0.012479166666666597 0.039462962962962936
2 0.8134791666666668 0.4038703703703704 0.015843749999999934 0.040074074074074005
0 0.796875 0.4016851851851852 0.015604166666666641 0.0393148148148148
7 0.4396979166666667 0.20020370370370372 0.013531249999999995 0.03607407407407405
4 0.7631874999999999 0.3982222222222222 0.015541666666666787 0.03864814814814811
9 0.45434375 0.19638888888888886 0.014666666666666717 0.03783333333333334