3 0.67578125 0.3930185185185185 0.01450000000000018 0.03992592592592597
5 0.34253124999999995 0.23242592592592595 0.013531249999999995 0.038796296296296315
1 0.744625 0.39951851851851855 0.010052083333333517 0.03762962962962963
4 0.7275416666666668 0.39799999999999996 0.015843749999999934 0.03864814814814811
5 0.3728020833333333 0.22048148148148147 0.013125000000000053 0.038574074074074045
7 0.7104479166666666 0.39625925925925926 0.014333333333333309 0.03864814814814811
9 0.6928749999999999 0.39431481481481484 0.015302083333333494 0.03938888888888887
6 0.35913541666666665 0.2263518518518518 0.015124999999999944 0.03712962962962961
2 0.7778333333333334 0.40255555555555556 0.015718750000000004 0.03992592592592597
0 0.7622083333333334 0.401037037037037 0.01704166666666662 0.039462962962962936
7 0.3884270833333333 0.21224074074074073 0.011645833333333244 0.03540740740740743
9 0.41772916666666665 0.20085185185185184 0.01461458333333332 0.036925925925925904
4 0.40430208333333334 0.2044259259259259 0.014781250000000079 0.03677777777777777