6 0.3237291666666666 0.2391481481481481 0.014499999999999957 0.03814814814814819
3 0.63915625 0.401037037037037 0.014333333333333309 0.04068518518518527
5 0.30737499999999995 0.24609259259259256 0.013270833333333343 0.03896296296296301
5 0.3376458333333333 0.2332962962962963 0.01316666666666666 0.0377592592592593
1 0.70703125 0.4047222222222222 0.010010416666666577 0.03642592592592594
0 0.7260729166666666 0.40646296296296297 0.015604166666666641 0.039
2 0.7426770833333334 0.4077777777777778 0.015958333333333297 0.03968518518518523
9 0.6567395833333334 0.4016851851851852 0.015072916666666769 0.040518518518518495
7 0.6752916666666666 0.40255555555555556 0.013791666666666647 0.03896296296296301
7 0.35278125 0.22525925925925927 0.011958333333333404 0.036981481481481476
4 0.3666979166666666 0.21561111111111111 0.01201041666666669 0.03540740740740743
4 0.6909166666666666 0.40407407407407403 0.01589583333333322 0.038500000000000076
9 0.3828125 0.2127777777777778 0.014666666666666717 0.038574074074074045