5 0.25097916666666664 0.25238888888888883 0.012104166666666694 0.03712962962962961
2 0.6557604166666666 0.40994444444444444 0.016583333333333394 0.04155555555555552
6 0.2363333333333333 0.26237037037037036 0.013958333333333295 0.03827777777777778
9 0.5678749999999999 0.4090740740740741 0.015489583333333279 0.0423518518518519
7 0.26489583333333333 0.24435185185185182 0.012385416666666704 0.03518518518518516
5 0.2204583333333333 0.2701851851851852 0.012385416666666649 0.03925925925925928
7 0.5859375 0.4086296296296296 0.014666666666666606 0.040388888888888905
0 0.63915625 0.40994444444444444 0.01737500000000014 0.04172222222222219
3 0.5502916666666666 0.4084259259259259 0.015010416666666693 0.042425925925925964
4 0.6030312499999999 0.4090740740740741 0.015666666666666718 0.040388888888888905
9 0.29492708333333334 0.23025925925925927 0.013958333333333295 0.03820370370370371
4 0.28148958333333335 0.23546296296296296 0.014114583333333264 0.036981481481481476
1 0.6215833333333334 0.41059259259259256 0.011197916666666696 0.03798148148148142