5 0.19909374999999999 0.2808148148148148 0.012479166666666708 0.0397592592592593
5 0.22973958333333333 0.2638888888888889 0.012479166666666708 0.038796296296296245
6 0.21569791666666666 0.2714814814814815 0.013427083333333312 0.03798148148148142
1 0.5966770833333332 0.41514814814814816 0.009822916666666792 0.03925925925925928
3 0.5268541666666666 0.4149259259259259 0.014729166666666682 0.042259259259259295
0 0.6162083333333332 0.41514814814814816 0.017302083333333274 0.042425925925925964
7 0.2443854166666667 0.25433333333333336 0.011916666666666687 0.03705555555555554
2 0.6333020833333334 0.4157962962962963 0.01678124999999997 0.04290740740740744
9 0.5449270833333333 0.41514814814814816 0.01589583333333322 0.04218518518518513
7 0.5634791666666668 0.4157962962962963 0.015364583333333348 0.040925925925926004
4 0.2595208333333333 0.2452222222222222 0.013635416666666678 0.037407407407407334
9 0.2739270833333334 0.24044444444444446 0.014666666666666717 0.04014814814814817
4 0.5795937499999999 0.4157962962962963 0.016093750000000018 0.04172222222222229