5 0.18078125 0.2955740740740741 0.012677083333333339 0.040074074074074005
1 0.5805625 0.4299074074074074 0.009447916666666556 0.041314814814814776
6 0.19640625 0.2858148148148148 0.014500000000000013 0.04068518518518517
0 0.5996145833333333 0.4303333333333333 0.016979166666666545 0.043666666666666645
3 0.50928125 0.43098148148148147 0.014843750000000044 0.04205555555555554
5 0.21057291666666667 0.27690740740740744 0.012385416666666649 0.039629629629629605
7 0.22351041666666666 0.26540740740740737 0.012385416666666649 0.03635185185185187
7 0.54540625 0.43098148148148147 0.015125000000000055 0.04196296296296303
2 0.6171875 0.4303333333333333 0.017583333333333506 0.04351851851851851
9 0.5268541666666666 0.4305555555555556 0.015364583333333348 0.04335185185185194
4 0.5625 0.4312037037037037 0.017239583333333197 0.04351851851851856
4 0.24060416666666665 0.2586851851851852 0.012187499999999962 0.037833333333333385
9 0.25488541666666664 0.253037037037037 0.01450000000000004 0.03864814814814811