5 0.16430208333333332 0.3151111111111111 0.012770833333333342 0.04101851851851852
3 0.49585416666666665 0.4544259259259259 0.015124999999999944 0.044425925925925945
6 0.18041666666666664 0.3057777777777778 0.014552083333333354 0.04124074074074072
2 0.6059583333333334 0.4531296296296296 0.017989583333333226 0.04535185185185182
5 0.19458333333333333 0.29687037037037034 0.013124999999999998 0.03968518518518523
7 0.5332083333333333 0.45355555555555555 0.016093750000000018 0.042907407407407394
0 0.5878958333333333 0.45355555555555543 0.017635416666666792 0.04535185185185182
9 0.5136770833333333 0.4544259259259259 0.016520833333333318 0.04451851851851845
7 0.20752083333333332 0.2905740740740741 0.013958333333333295 0.040481481481481514
4 0.22509375 0.27690740740740744 0.015010416666666693 0.03955555555555554
4 0.5502916666666666 0.4531296296296296 0.01692708333333326 0.04325925925925923
9 0.23877083333333332 0.27170370370370367 0.014552083333333354 0.0393148148148148
1 0.5698229166666666 0.4534814814814815 0.01722916666666663 0.05129629629629637