5 0.16296875 0.32899999999999996 0.012624999999999997 0.04148148148148145
1 0.5683645833333333 0.4709259259259259 0.010822916666666682 0.04225925925925939
3 0.49585416666666665 0.4704814814814815 0.015124999999999944 0.04483333333333325
7 0.20959375 0.30035185185185187 0.011072916666666655 0.03925925925925928
6 0.17895833333333333 0.31987037037037036 0.014666666666666661 0.04266666666666671
2 0.6064479166666668 0.4709259259259259 0.018052083333333302 0.04598148148148143
5 0.19274999999999998 0.31227777777777777 0.013124999999999998 0.04148148148148145
7 0.5332083333333333 0.4709259259259259 0.01589583333333322 0.04316666666666653
9 0.51415625 0.4704814814814815 0.016843750000000046 0.04475925925925929
9 0.23779166666666665 0.2840740740740741 0.013739583333333305 0.03727777777777774
0 0.5888645833333332 0.4709259259259259 0.017916666666666803 0.045703703703703705
4 0.5502916666666666 0.47135185185185186 0.017583333333333506 0.04468518518518532
4 0.22423958333333335 0.29079629629629633 0.01417708333333334 0.03916666666666657