1 0.5644583333333333 0.4943518518518519 0.010531249999999881 0.04399999999999989
4 0.21618749999999998 0.30816666666666664 0.013124999999999998 0.039462962962962936
5 0.15588541666666667 0.3452777777777778 0.012531249999999994 0.041796296296296255
5 0.18628125 0.32855555555555555 0.012479166666666708 0.04172222222222229
3 0.49023958333333334 0.4930555555555556 0.015541666666666676 0.046851851851851874
6 0.17211458333333332 0.33549999999999996 0.014781250000000024 0.0421296296296296
7 0.20129166666666667 0.31705555555555553 0.012624999999999997 0.0377037037037037
4 0.5463854166666666 0.4943518518518519 0.017854166666666726 0.04553703703703703
0 0.5849583333333332 0.49479629629629623 0.01822916666666674 0.04640740740740728
9 0.50928125 0.493925925925926 0.017104166666666698 0.04622222222222226
2 0.6025416666666668 0.49479629629629623 0.01854166666666668 0.0466851851851852
7 0.5283229166666666 0.493925925925926 0.016520833333333318 0.04451851851851845
9 0.23181249999999998 0.301425925925926 0.015072916666666714 0.04101851851851852