5 0.17174999999999999 0.3459259259259259 0.01272916666666668 0.0421296296296296
5 0.14196874999999998 0.36327777777777776 0.013739583333333305 0.044333333333333336
1 0.5537083333333332 0.5234444444444445 0.010614583333333316 0.045703703703703705
3 0.47803125 0.5208333333333334 0.015718750000000004 0.048314814814814845
0 0.57421875 0.5238703703703703 0.01851041666666675 0.04792592592592588
6 0.15673958333333332 0.3565555555555555 0.014666666666666661 0.04459259259259252
7 0.18726041666666668 0.3352777777777778 0.012770833333333342 0.03896296296296301
4 0.20239583333333333 0.32725925925925925 0.013843750000000044 0.040074074074074005
2 0.59228125 0.5243148148148148 0.019062499999999982 0.048388888888888815
9 0.49731250000000005 0.5221296296296296 0.01743750000000005 0.04812962962962963
7 0.51709375 0.5225740740740741 0.01678124999999997 0.047037037037037085
9 0.21765625 0.3200925925925926 0.014958333333333351 0.04205555555555554
4 0.5346666666666666 0.5221296296296296 0.018156250000000096 0.04720370370370376