5 0.12408333333333334 0.3741296296296296 0.013333333333333336 0.044685185185185224
1 0.5405312499999999 0.5434074074074073 0.010781249999999964 0.04633333333333331
4 0.18517708333333335 0.3363703703703703 0.012427083333333366 0.040074074074074005
7 0.16809375000000001 0.3420185185185185 0.013020833333333315 0.040388888888888905
3 0.4631354166666667 0.5403703703703704 0.016020833333333373 0.049888888888889066
0 0.5615208333333332 0.5442777777777779 0.01937499999999992 0.04894444444444426
5 0.15430208333333334 0.3554629629629629 0.012822916666666684 0.0434259259259259
6 0.13989583333333333 0.36437037037037034 0.01438541666666665 0.043592592592592676
4 0.5214895833333333 0.5425370370370372 0.019197916666666703 0.04866666666666654
2 0.5800833333333333 0.5451481481481482 0.019427083333333428 0.04931481481481489
9 0.48315624999999995 0.5412407407407407 0.01763541666666657 0.04912962962962967
7 0.5029270833333334 0.5425370370370372 0.01678124999999997 0.0482037037037036
9 0.20129166666666667 0.3300740740740741 0.014781250000000024 0.043592592592592676