5 0.10796875 0.37674074074074076 0.013218750000000001 0.04459259259259252
1 0.5302708333333334 0.5581666666666667 0.011072916666666766 0.04738888888888897
6 0.12476041666666668 0.36696296296296294 0.015125000000000013 0.04483333333333325
5 0.13915625 0.3572037037037037 0.012927083333333367 0.0423518518518519
3 0.4509270833333333 0.5538148148148149 0.016583333333333283 0.05151851851851852
0 0.5512708333333334 0.5598888888888889 0.0202500000000001 0.05055555555555556
2 0.5708020833333334 0.5607592592592593 0.019947916666666732 0.0502592592592593
7 0.49096874999999995 0.5572962962962963 0.018343750000000048 0.05064814814814827
9 0.47070833333333334 0.5555555555555556 0.018156249999999985 0.052111111111111046
7 0.15441666666666667 0.34744444444444444 0.013218750000000001 0.038703703703703636
4 0.51025 0.5581666666666667 0.018718750000000117 0.05151851851851852
4 0.17029166666666665 0.33659259259259255 0.012427083333333366 0.040388888888888905
9 0.18640625 0.3300740740740741 0.01438541666666665 0.03864814814814811