5 0.13268749999999999 0.3650185185185186 0.013635416666666678 0.04483333333333325
1 0.53125 0.5781296296296295 0.01159375000000007 0.0482037037037036
3 0.44945833333333335 0.5707407407407408 0.01752083333333343 0.052518518518518555
6 0.1171875 0.3741296296296296 0.014499999999999985 0.04451851851851855
5 0.10089583333333334 0.38346296296296295 0.013791666666666674 0.04483333333333325
2 0.5722708333333333 0.5811666666666666 0.020343749999999883 0.05270370370370377
4 0.16711458333333334 0.3426666666666666 0.014333333333333309 0.044333333333333336
0 0.5522499999999999 0.5798703703703704 0.020916666666666694 0.05229629629629626
9 0.47021875 0.572925925925926 0.01909375000000002 0.052
7 0.14880208333333333 0.35374074074074074 0.013072916666666656 0.04022222222222213
7 0.4912083333333333 0.5755185185185184 0.01893749999999994 0.05131481481481496
4 0.5097708333333333 0.5776851851851852 0.020416666666666694 0.05240740740740731
9 0.18030208333333334 0.3378888888888889 0.015125 0.04266666666666671