5 0.09979166666666667 0.39062962962962966 0.01461458333333332 0.046851851851851874
1 0.5385729166666666 0.5993888888888889 0.01229166666666659 0.05075925925925912
3 0.4555625 0.5902777777777778 0.017916666666666692 0.05525925925925929
5 0.13208333333333333 0.3721851851851852 0.013427083333333367 0.04598148148148143
0 0.56103125 0.6019999999999999 0.021208333333333274 0.053703703703703615
7 0.15002083333333335 0.3606851851851852 0.011468749999999972 0.04605555555555559
2 0.5810520833333332 0.6037407407407407 0.02068749999999997 0.0536111111111111
9 0.47632291666666665 0.5928888888888889 0.019916666666666694 0.054111111111111124
6 0.11578125 0.3825925925925926 0.015249999999999986 0.04731481481481481
7 0.4978020833333333 0.595925925925926 0.019687500000000024 0.05270370370370377
9 0.18054166666666666 0.347 0.015666666666666662 0.04562962962962964
4 0.16528125 0.35264814814814816 0.017177083333333343 0.045703703703703705
4 0.51709375 0.5980925925925926 0.020572916666666607 0.05340740740740754