5 0.09503125 0.4166666666666667 0.01518750000000002 0.05112962962962965
5 0.06063541666666665 0.4338148148148149 0.015489583333333327 0.051018518518518546
6 0.07861458333333333 0.4255555555555556 0.01640625000000001 0.05151851851851852
1 0.53759375 0.697925925925926 0.013531249999999995 0.056851851851851855
0 0.5625 0.7013888888888888 0.02456249999999982 0.06168518518518498
3 0.44384375 0.6827222222222222 0.021364583333333353 0.06059259259259263
2 0.5859375 0.7048703703703704 0.02418750000000003 0.061796296296296224
7 0.11358333333333334 0.40494444444444444 0.013531249999999995 0.04605555555555559
4 0.13048958333333333 0.39540740740740743 0.017041666666666636 0.0482037037037038
9 0.4682604166666666 0.6857592592592593 0.021916666666666584 0.06005555555555553
7 0.4924270833333333 0.690537037037037 0.021572916666666664 0.05805555555555565
9 0.14856250000000001 0.388462962962963 0.017177083333333343 0.04657407407407405
4 0.51415625 0.6948703703703704 0.022583333333333178 0.060277777777777625