5 0.09351041666666667 0.41427777777777774 0.015489583333333334 0.05142592592592591
5 0.05835416666666668 0.4338148148148149 0.01571875000000001 0.051018518518518546
6 0.07641666666666666 0.4242592592592593 0.016156249999999983 0.05037037037037035
3 0.442625 0.6835925925925925 0.021333333333333315 0.06016666666666658
2 0.58446875 0.707037037037037 0.02342708333333343 0.0615185185185185
1 0.5361354166666668 0.7000925925925926 0.014729166666666682 0.05935185185185175
9 0.4663125 0.6870740740740741 0.022249999999999992 0.05962962962962967
7 0.11046874999999999 0.4038703703703704 0.01536458333333332 0.044685185185185224
4 0.51171875 0.6961851851851851 0.024385416666666604 0.06190740740740727
7 0.4904791666666667 0.6918333333333333 0.021656249999999932 0.058259259259259406
0 0.5615208333333332 0.7044259259259259 0.024229166666666746 0.0615185185185185
4 0.12903125000000001 0.39496296296296296 0.017437499999999995 0.047740740740740764
9 0.14648958333333334 0.388462962962963 0.01752083333333332 0.04848148148148152