5 0.07104166666666667 0.4179629629629629 0.014843749999999989 0.05007407407407408
1 0.5380833333333332 0.6783888888888888 0.013531249999999995 0.05537037037037034
5 0.10467708333333332 0.40016666666666667 0.01395833333333335 0.048777777777777684
3 0.4470208333333333 0.6627592592592593 0.01994791666666662 0.06016666666666658
6 0.08789583333333333 0.4086296296296296 0.016927083333333343 0.05064814814814817
4 0.1389166666666667 0.38107407407407407 0.01518750000000002 0.046499999999999986
2 0.5849583333333332 0.6866296296296296 0.023822916666666583 0.06049999999999992
0 0.5620104166666666 0.6831666666666667 0.023656249999999934 0.05951851851851843
7 0.12335416666666667 0.389537037037037 0.012385416666666677 0.04731481481481481
9 0.4704583333333333 0.6662407407407407 0.021625000000000005 0.05881481481481485
7 0.49365625 0.6714444444444444 0.021739583333333368 0.05859259259259256
4 0.5151354166666666 0.6749074074074074 0.022541666666666682 0.05994444444444448
9 0.15637500000000001 0.37587037037037035 0.017104166666666698 0.05055555555555556