5 0.10967708333333334 0.39018518518518513 0.015250000000000014 0.048777777777777684
1 0.53759375 0.6649259259259259 0.015010416666666693 0.05566666666666661
5 0.07654166666666667 0.40755555555555556 0.015302083333333327 0.05014814814814815
6 0.09447916666666667 0.3986481481481482 0.01634374999999999 0.05122222222222225
3 0.44775 0.6484444444444445 0.020718750000000008 0.058259259259259406
0 0.5615208333333332 0.6675370370370372 0.02360416666666665 0.059129629629629456
4 0.14440624999999999 0.3723888888888889 0.016020833333333317 0.046851851851851874
2 0.5834999999999999 0.6714444444444444 0.0225833333333334 0.058259259259259406
7 0.12829166666666666 0.38 0.012385416666666649 0.045703703703703705
9 0.4704583333333333 0.6519074074074074 0.02084374999999994 0.05729629629629645
4 0.5146458333333334 0.6605925925925926 0.022583333333333178 0.05859259259259256
7 0.4943854166666667 0.6566851851851853 0.01963541666666674 0.05707407407407415
9 0.16173958333333335 0.36544444444444446 0.016781250000000025 0.0495