3 0.9018541666666666 0.4108148148148148 0.014062500000000089 0.03955555555555554
6 0.58203125 0.2036666666666667 0.015666666666666718 0.038500000000000006
5 0.5947291666666668 0.20020370370370372 0.013333333333333197 0.03783333333333334
5 0.5649375 0.20790740740740737 0.013427083333333423 0.03870370370370371
7 0.6103541666666668 0.19368518518518518 0.012333333333333307 0.034999999999999996
4 0.6274375 0.1890185185185185 0.015364583333333348 0.0374814814814815
7 0.9355520833333333 0.4177592592592593 0.014062500000000089 0.03740740740740743
9 0.6401354166666666 0.18707407407407406 0.014958333333333185 0.03740740740740738
4 0.9511770833333333 0.4223148148148148 0.016093750000000018 0.038055555555555586
9 0.9189479166666668 0.4138518518518518 0.015302083333333494 0.038574074074074045
1 0.9677708333333332 0.42512962962962964 0.010489583333333163 0.03705555555555554
0 0.9863333333333333 0.42903703703703705 0.019197916666666703 0.03887037037037036