5 0.5600624999999999 0.2016111111111111 0.012968749999999973 0.037703703703703746
6 0.546875 0.20540740740740737 0.015489583333333279 0.03770370370370367
3 0.8666979166666666 0.4086296296296296 0.014114583333333375 0.04014814814814817
0 0.9497083333333334 0.42512962962962964 0.015489583333333279 0.0390925925925926
5 0.5307604166666666 0.20866666666666667 0.013479166666666709 0.03792592592592589
4 0.59228125 0.19098148148148147 0.014229166666666737 0.03712962962962966
7 0.5747083333333334 0.19607407407407407 0.012677083333333394 0.035259259259259226
9 0.6059583333333334 0.18868518518518518 0.01450000000000018 0.03870370370370373
7 0.9018541666666666 0.41450000000000004 0.012624999999999886 0.03938888888888887
9 0.8837916666666668 0.41059259259259256 0.015125000000000055 0.03925925925925928
1 0.932125 0.42166666666666663 0.01040624999999995 0.03566666666666664
2 0.9658229166666668 0.4277407407407407 0.01489583333333333 0.0393148148148148
4 0.9165 0.4179629629629629 0.015250000000000208 0.03775925925925922